0
60.9398
60.9399
60.9401
60.9402
60.9404
60.9406
60.9408
60.941
60.9412
60.9414
60.9416
60.9418
60.942
60.9422
60.9424
60.9426
60.9428
60.9429
60.9431
60.9433
60.9435
60.9437
60.9439
60.9441
60.9443
60.9445
60.9447
60.9449
60.9451
60.9453
60.9454
60.9456
60.9458
60.946
60.9462
60.9464
60.9466
60.9468
60.947
60.9472
60.9474
60.9475
60.9477
60.9479
60.9481
60.9483
60.9485
60.9487
60.9489
60.9491
60.9492
60.9494
60.9496
60.9498
60.95
60.9502
60.9504
60.9506
60.9507
60.9509
60.9511
60.9513
60.9515
60.9517
60.9519
60.952
60.9522
60.9524
60.9526
60.9528
60.953
60.9531
60.9533
60.9535
60.9537
60.9539
60.954
60.9542
60.9544
60.9546
60.9548
60.9549
60.9551
60.9553
60.9555
60.9556
60.9558
60.956
60.9562
60.9563
60.9565
60.9567
60.9569
60.957
60.9572
60.9574
60.9576
60.9577
60.9579
60.9581
60.9582
60.9584
60.9586
60.9587
60.9589
60.9591
60.9592
60.9594
60.9596
60.9597
60.9599
60.96
60.9602
60.9604
60.9605
60.9607
60.9608
60.961
60.9612
60.9613
60.9615
60.9616
60.9618
60.9619
60.9621
60.9622
60.9624
60.9625
60.9627
60.9628
60.963
60.9631
60.9633
60.9634
60.9636
60.9637
60.9638
60.964
60.9641
60.9643
60.9644
60.9645
60.9647
60.9648
60.965
60.9651
60.9652
60.9654
60.9655
60.9656
60.9657
60.9659
60.966
60.9661
60.9662
60.9664
60.9665
60.9666
60.9667
60.9669
60.967
60.9671
60.9672
60.9673
60.9674
60.9675
60.9677
60.9678
60.9679
60.968
60.9681
60.9682
60.9683
60.9684
60.9685
60.9686
60.9687
60.9688
60.9689
60.969
60.9691
60.9692
60.9693
60.9693
60.9694
60.9695
60.9696
60.9697
60.9698
60.9698
60.9699
60.97
60.9701
60.9702
60.9702
60.9703
60.9704
60.9704
60.9705
60.9706
60.9706
60.9707
60.9708
60.9708
60.9709
60.9709
60.971
60.971
60.9711
60.9711
60.9712
60.9712
60.9713
60.9713
60.9714
60.9714
60.9714
60.9715
60.9715
60.9715
60.9716
60.9716
60.9716
60.9716
60.9717
60.9717
60.9717
60.9717
60.9717
60.9718
60.9718
60.9718
60.9718
60.9718
60.9718
60.9718
60.9718
60.9718
60.9718
60.9718
60.9718
60.9718
60.9718
60.9718
60.9718
60.9717
60.9717
60.9717
60.9717
60.9717
60.9716
60.9716
60.9716
60.9715
60.9715
60.9715
60.9714
60.9714
60.9714
60.9713
60.9713
60.9712
60.9712
60.9711
60.9711
60.971
60.971
60.9709
60.9708
60.9708
60.9707
60.9706
60.9706
60.9705
60.9704
60.9703
60.9703
60.9702
60.9701
60.97
60.9699
60.9699
60.9698
60.9697
60.9696
60.9695
60.9694
60.9693
60.9692
60.9691
60.969
60.9689
60.9687
60.9686
60.9685
60.9684
60.9683
60.9682
60.968
60.9679
60.9678
60.9677
60.9675
60.9674
60.9673
60.9671
60.967
60.9668
60.9667
60.9666
60.9664
60.9663
60.9661
60.966
60.9658
60.9656
60.9655
60.9653
60.9652
60.965
60.9648
60.9647
60.9645
60.9643
60.9642
60.964
60.9638
60.9636
60.9634
60.9633
60.9631
60.9629
60.9627
60.9625
60.9623
60.9621
60.9619
60.9617
60.9615
60.9613
60.9611
60.9609
60.9607
60.9605
60.9603
60.9601
60.9599
60.9597
60.9595
60.9593
60.9591
60.9588
60.9586
60.9584
60.9582
60.958
60.9577
60.9575
60.9573
60.9571
60.9568
60.9566
60.9564
60.9561
60.9559
60.9557
60.9554
60.9552
60.9549
60.9547
60.9545
60.9542
60.954
60.9537
60.9535
60.9532
60.953
60.9527
60.9525
60.9522
60.952
60.9517
60.9515
60.9512
60.951
60.9507
60.9505
60.9502
60.95
60.9497
60.9494
60.9492
60.9489
60.9487
60.9484
60.9481
60.9479
60.9476
60.9474
60.9471
60.9468
60.9466
60.9463
60.946
60.9458
60.9455
60.9452
60.945
60.9447
60.9444
60.9442
60.9439
60.9436
60.9434
60.9431
60.9428
60.9426
60.9423
60.942
60.9418
60.9415
60.9412
60.9409
60.9407
60.9404
60.9401
60.9399
60.9396
60.9393
60.9391
60.9388
60.9385
60.9383
60.938
60.9377
60.9375
60.9372
60.9369
60.9367
60.9364
60.9361
60.9359
60.9356
60.9353
60.9351
60.9348
60.9346
60.9343
60.934
60.9338
60.9335
60.9332
60.933
60.9327
60.9325
60.9322
60.932
60.9317
60.9314
60.9312
60.9309
60.9307
60.9304
60.9302
60.9299
60.9297
60.9294
60.9292
60.9289
60.9287
60.9284
60.9282
60.9279
60.9277
60.9275
60.9272
60.927
60.9267
60.9265
60.9263
60.926
60.9258
60.9256
60.9253
60.9251
60.9249
60.9246
60.9244
60.9242
60.9239
60.9237
60.9235
60.9233
60.923
60.9228
60.9226
60.9224
60.9221
60.9219
60.9217
60.9215
60.9213
60.9211
60.9209
60.9206
60.9204
60.9202
60.92
60.9198
60.9196
60.9194
60.9192
60.919
60.9188
60.9186
60.9184
60.9182
60.918
60.9178
60.9176
60.9174
60.9172
60.9171
60.9169
60.9167
60.9165
60.9163
60.9161
60.916
60.9158
60.9156
60.9154
60.9153
60.9151
60.9149
60.9147
60.9146
60.9144
60.9142
60.9141
60.9139
60.9137
60.9136
60.9134
60.9133
60.9131
60.9129
60.9128
60.9126
60.9125
60.9123
60.9122
60.912
60.9119
60.9117
60.9116
60.9115
60.9113
60.9112
60.911
60.9109
60.9108
60.9106
60.9105
60.9104
60.9102
60.9101
60.91
60.9099
60.9097
60.9096
60.9095
60.9094
60.9093
60.9091
60.909
60.9089
60.9088
60.9087
60.9086
60.9085
60.9084
60.9083
60.9082
60.908
60.9079
60.9078
60.9077
60.9076
60.9076
60.9075
60.9074
60.9073
60.9072
60.9071
60.907
60.9069
60.9068
60.9067
60.9067
60.9066
60.9065
60.9064
60.9063
60.9063
60.9062
60.9061
60.906
60.906
60.9059
60.9058
60.9058
60.9057
60.9056
60.9056
60.9055
60.9055
60.9054
60.9053
60.9053
60.9052
60.9052
60.9051
60.9051
60.905
60.905
60.9049
60.9049
60.9048
60.9048
60.9047
60.9047
60.9047
60.9046
60.9046
60.9045
60.9045
60.9045
60.9044
60.9044
60.9044
60.9044
60.9043
60.9043
60.9043
60.9042
60.9042
60.9042
60.9042
60.9042
60.9041
60.9041
60.9041
60.9041
60.9041
60.9041
60.9041
60.904
60.904
60.904
60.904
60.904
60.904
60.904
60.904
60.904
60.904
60.904
60.904
60.904
60.904
60.904
60.904
60.904
60.904
60.904
60.9041
60.9041
60.9041
60.9041
60.9041
60.9041
60.9041
60.9042
60.9042
60.9042
60.9042
60.9042
60.9043
60.9043
60.9043
60.9043
60.9044
60.9044
60.9044
60.9045
60.9045
60.9045
60.9046
60.9046
60.9046
60.9047
60.9047
60.9047
60.9048
60.9048
60.9049
60.9049
60.905
60.905
60.905
60.9051
60.9051
60.9052
60.9052
60.9053
60.9053
60.9054
60.9054
60.9055
60.9056
60.9056
60.9057
60.9057
60.9058
60.9058
60.9059
60.906
60.906
60.9061
60.9062
60.9062
60.9063
60.9064
60.9064
60.9065
60.9066
60.9066
60.9067
60.9068
60.9069
60.9069
60.907
60.9071
60.9072
60.9072
60.9073
60.9074
60.9075
60.9076
60.9076
60.9077
60.9078
60.9079
60.908
60.9081
60.9082
60.9082
60.9083
60.9084
60.9085
60.9086
60.9087
60.9088
60.9089
60.909
60.9091
60.9092
60.9093
60.9094
60.9095
60.9096
60.9097
60.9098
60.9099
60.91
60.9101
60.9102
60.9103
60.9104
60.9105
60.9106
60.9107
60.9108
60.9109
60.911
60.9112
60.9113
60.9114
60.9115
60.9116
60.9117
60.9118
60.912
60.9121
60.9122
60.9123
60.9124
60.9126
60.9127
60.9128
60.9129
60.913
60.9132
60.9133
60.9134
60.9135
60.9137
60.9138
60.9139
60.9141
60.9142
60.9143
60.9145
60.9146
60.9147
60.9149
60.915
60.9151
60.9153
60.9154
60.9155
60.9157
60.9158
60.9159
60.9161
60.9162
60.9164
60.9165
60.9167
60.9168
60.9169
60.9171
60.9172
60.9174
60.9175
60.9177
60.9178
60.918
60.9181
60.9183
60.9184
60.9186
60.9187
60.9189
60.919
60.9192
60.9193
60.9195
60.9196
60.9198
60.92
60.9201
60.9203
60.9204
60.9206
60.9207
60.9209
60.9211
60.9212
60.9214
60.9216
60.9217
60.9219
60.922
60.9222
60.9224
60.9225
60.9227
60.9229
60.923
60.9232
60.9234
60.9235
60.9237
60.9239
60.9241
60.9242
60.9244
60.9246
60.9247
60.9249
60.9251
60.9253
60.9254
60.9256
60.9258
60.926
60.9261
60.9263
60.9265
60.9267
60.9269
60.927
60.9272
60.9274
60.9276
60.9278
60.9279
60.9281
60.9283
60.9285
60.9287
60.9289
60.929
60.9292
60.9294
60.9296
60.9298
60.93
60.9302
60.9304
60.9305
60.9307
60.9309
60.9311
60.9313
60.9315
60.9317
60.9319
60.9321
60.9323
60.9324
60.9326
60.9328
60.933
60.9332
60.9334
60.9336
60.9338
60.934
60.9342
60.9344
60.9346
60.9348
60.935
60.9352
60.9354
60.9356
60.9358
60.936
60.9362
60.9364
60.9366
60.9368
60.937
60.9371
60.9373
60.9375
60.9377
60.938
60.9382
60.9384
60.9386
60.9388
60.939
60.9392
60.9394
60.9396
60.9398
60.94
60.9402
60.9404
60.9406
60.9408
60.941
60.9412
60.9414
60.9416
60.9418
60.942
60.9422
60.9424
60.9426
60.9428
60.943
60.9432
60.9434
60.9436
60.9438
60.944
60.9443
60.9445
60.9447
60.9449
60.9451
60.9453
60.9455
60.9457
60.9459
60.9461
60.9463
60.9465
60.9467
60.9469
60.9471
60.9473
60.9475
60.9477
60.9479
