-0.0121909
-0.0243355
-0.0363878
-0.0483021
-0.0600332
-0.0715365
-0.0827685
-0.0936865
-0.104249
-0.114416
-0.124149
-0.133412
-0.142168
-0.150385
-0.158031
-0.165078
-0.171499
-0.177269
-0.182366
-0.186772
-0.19047
-0.193445
-0.195686
-0.197185
-0.197936
-0.197936
-0.197185
-0.195686
-0.193445
-0.19047
-0.186772
-0.182366
-0.177269
-0.171499
-0.165078
-0.158031
-0.150385
-0.142168
-0.133412
-0.124149
-0.114416
-0.104249
-0.0936865
-0.0827685
-0.0715365
-0.0600332
-0.0483021
-0.0363878
-0.0243355
-0.0121909
   0.0122
   0.0243
   0.0364
   0.0483
   0.0600
   0.0715
   0.0828
   0.0937
   0.1042
   0.1144
   0.1241
   0.1334
   0.1422
   0.1504
   0.1580
   0.1651
   0.1715
   0.1773
   0.1824
   0.1868
   0.1905
   0.1934
   0.1957
   0.1972
   0.1979
   0.1979
   0.1972
   0.1957
   0.1934
   0.1905
   0.1868
   0.1824
   0.1773
   0.1715
   0.1651
   0.1580
   0.1504
   0.1422
   0.1334
   0.1241
   0.1144
   0.1042
   0.0937
   0.0828
   0.0715
   0.0600
   0.0483
   0.0364
   0.0243
   0.0122

