<<<<<<< HEAD
0.00437636
0.00874848
0.0131121
0.0174631
0.0217972
0.0261102
0.0303979
0.0346562
0.038881
0.0430682
0.0472137
0.0513136
0.0553638
0.0593604
0.0632996
0.0671776
0.0709906
0.0747349
0.0784069
0.082003
0.0855198
0.0889539
0.092302
0.0955607
0.098727
0.101798
0.10477
0.107641
0.110408
0.113068
0.115618
0.118057
0.120382
0.12259
0.124679
0.126648
0.128494
0.130216
0.131812
0.133281
0.13462
0.13583
0.136908
0.137853
0.138665
0.139343
0.139886
0.140294
0.140566
0.140702
0.140702
0.140566
0.140294
0.139886
0.139343
0.138665
0.137853
0.136908
0.13583
0.13462
0.133281
0.131812
0.130216
0.128494
0.126648
0.124679
0.12259
0.120382
0.118057
0.115618
0.113068
0.110408
0.107641
0.10477
0.101798
0.098727
0.0955607
0.092302
0.0889539
0.0855198
0.082003
0.0784069
0.0747349
0.0709906
0.0671776
0.0632996
0.0593604
0.0553638
0.0513136
0.0472137
0.0430682
0.038881
0.0346562
0.0303979
0.0261102
0.0217972
0.0174631
0.0131121
0.00874848
0.00437636
=======
-0.00437636
-0.00874848
-0.0131121
-0.0174631
-0.0217972
-0.0261102
-0.0303979
-0.0346562
-0.038881
-0.0430682
-0.0472137
-0.0513136
-0.0553638
-0.0593604
-0.0632996
-0.0671776
-0.0709906
-0.0747349
-0.0784069
-0.082003
-0.0855198
-0.0889539
-0.092302
-0.0955607
-0.098727
-0.101798
-0.10477
-0.107641
-0.110408
-0.113068
-0.115618
-0.118057
-0.120382
-0.12259
-0.124679
-0.126648
-0.128494
-0.130216
-0.131812
-0.133281
-0.13462
-0.13583
-0.136908
-0.137853
-0.138665
-0.139343
-0.139886
-0.140294
-0.140566
-0.140702
-0.140702
-0.140566
-0.140294
-0.139886
-0.139343
-0.138665
-0.137853
-0.136908
-0.13583
-0.13462
-0.133281
-0.131812
-0.130216
-0.128494
-0.126648
-0.124679
-0.12259
-0.120382
-0.118057
-0.115618
-0.113068
-0.110408
-0.107641
-0.10477
-0.101798
-0.098727
-0.0955607
-0.092302
-0.0889539
-0.0855198
-0.082003
-0.0784069
-0.0747349
-0.0709906
-0.0671776
-0.0632996
-0.0593604
-0.0553638
-0.0513136
-0.0472137
-0.0430682
-0.038881
-0.0346562
-0.0303979
-0.0261102
-0.0217972
-0.0174631
-0.0131121
-0.00874848
-0.00437636
>>>>>>> 271bd1d4c17b760cabf1e2cfa741d12fa3687d2d
   0.0044
   0.0087
   0.0131
   0.0175
   0.0218
   0.0261
   0.0304
   0.0347
   0.0389
   0.0431
   0.0472
   0.0513
   0.0554
   0.0594
   0.0633
   0.0672
   0.0710
   0.0747
   0.0784
   0.0820
   0.0855
   0.0890
   0.0923
   0.0956
   0.0987
   0.1018
   0.1048
   0.1076
   0.1104
   0.1131
   0.1156
   0.1181
   0.1204
   0.1226
   0.1247
   0.1266
   0.1285
   0.1302
   0.1318
   0.1333
   0.1346
   0.1358
   0.1369
   0.1379
   0.1387
   0.1393
   0.1399
   0.1403
   0.1406
   0.1407
   0.1407
   0.1406
   0.1403
   0.1399
   0.1393
   0.1387
   0.1379
   0.1369
   0.1358
   0.1346
   0.1333
   0.1318
   0.1302
   0.1285
   0.1266
   0.1247
   0.1226
   0.1204
   0.1181
   0.1156
   0.1131
   0.1104
   0.1076
   0.1048
   0.1018
   0.0987
   0.0956
   0.0923
   0.0890
   0.0855
   0.0820
   0.0784
   0.0747
   0.0710
   0.0672
   0.0633
   0.0594
   0.0554
   0.0513
   0.0472
   0.0431
   0.0389
   0.0347
   0.0304
   0.0261
   0.0218
   0.0175
   0.0131
   0.0087
   0.0044

