0.00085076
0.00170143
0.00255191
0.00340211
0.00425195
0.00510132
0.00595013
0.0067983
0.00764573
0.00849232
0.00933799
0.0101826
0.0110262
0.0118685
0.0127096
0.0135492
0.0143874
0.015224
0.016059
0.0168922
0.0177236
0.018553
0.0193804
0.0202058
0.0210289
0.0218497
0.0226681
0.0234841
0.0242975
0.0251083
0.0259163
0.0267215
0.0275238
0.0283231
0.0291193
0.0299123
0.0307021
0.0314885
0.0322715
0.033051
0.0338269
0.0345991
0.0353676
0.0361321
0.0368928
0.0376494
0.0384019
0.0391503
0.0398944
0.0406341
0.0413694
0.0421002
0.0428264
0.043548
0.0442648
0.0449767
0.0456838
0.0463859
0.047083
0.0477749
0.0484616
0.0491431
0.0498192
0.0504898
0.051155
0.0518146
0.0524685
0.0531167
0.0537592
0.0543958
0.0550264
0.0556511
0.0562697
0.0568822
0.0574884
0.0580885
0.0586822
0.0592694
0.0598503
0.0604246
0.0609923
0.0615534
0.0621078
0.0626554
0.0631962
0.0637301
0.0642571
0.0647771
0.06529
0.0657958
0.0662944
0.0667858
0.06727
0.0677468
0.0682162
0.0686782
0.0691327
0.0695797
0.0700191
0.0704509
0.070875
0.0712914
0.0717
0.0721008
0.0724938
0.0728788
0.0732559
0.0736251
0.0739862
0.0743392
0.0746842
0.075021
0.0753497
0.0756701
0.0759823
0.0762862
0.0765818
0.0768691
0.077148
0.0774185
0.0776806
0.0779342
0.0781793
0.0784159
0.0786439
0.0788634
0.0790743
0.0792766
0.0794702
0.0796552
0.0798315
0.0799991
0.080158
0.0803081
0.0804496
0.0805822
0.0807061
0.0808212
0.0809274
0.0810249
0.0811135
0.0811933
0.0812643
0.0813264
0.0813796
0.081424
0.0814595
0.0814862
0.0815039
0.0815128
0.0815128
0.0815039
0.0814862
0.0814595
0.081424
0.0813796
0.0813264
0.0812643
0.0811933
0.0811135
0.0810249
0.0809274
0.0808212
0.0807061
0.0805822
0.0804496
0.0803081
0.080158
0.0799991
0.0798315
0.0796552
0.0794702
0.0792766
0.0790743
0.0788634
0.0786439
0.0784159
0.0781793
0.0779342
0.0776806
0.0774185
0.077148
0.0768691
0.0765818
0.0762862
0.0759823
0.0756701
0.0753497
0.075021
0.0746842
0.0743392
0.0739862
0.0736251
0.0732559
0.0728788
0.0724938
0.0721008
0.0717
0.0712914
0.070875
0.0704509
0.0700191
0.0695797
0.0691327
0.0686782
0.0682162
0.0677468
0.06727
0.0667858
0.0662944
0.0657958
0.06529
0.0647771
0.0642571
0.0637301
0.0631962
0.0626554
0.0621078
0.0615534
0.0609923
0.0604246
0.0598503
0.0592694
0.0586822
0.0580885
0.0574884
0.0568822
0.0562697
0.0556511
0.0550264
0.0543958
0.0537592
0.0531167
0.0524685
0.0518146
0.051155
0.0504898
0.0498192
0.0491431
0.0484616
0.0477749
0.047083
0.0463859
0.0456838
0.0449767
0.0442648
0.043548
0.0428264
0.0421002
0.0413694
0.0406341
0.0398944
0.0391503
0.0384019
0.0376494
0.0368928
0.0361321
0.0353676
0.0345991
0.0338269
0.033051
0.0322715
0.0314885
0.0307021
0.0299123
0.0291193
0.0283231
0.0275238
0.0267215
0.0259163
0.0251083
0.0242975
0.0234841
0.0226681
0.0218497
0.0210289
0.0202058
0.0193804
0.018553
0.0177236
0.0168922
0.016059
0.015224
0.0143874
0.0135492
0.0127096
0.0118685
0.0110262
0.0101826
0.00933799
0.00849232
0.00764573
0.0067983
0.00595013
0.00510132
0.00425195
0.00340211
0.00255191
0.00170143
0.00085076
   0.0009
   0.0017
   0.0026
   0.0034
   0.0043
   0.0051
   0.0060
   0.0068
   0.0076
   0.0085
   0.0093
   0.0102
   0.0110
   0.0119
   0.0127
   0.0135
   0.0144
   0.0152
   0.0161
   0.0169
   0.0177
   0.0186
   0.0194
   0.0202
   0.0210
   0.0218
   0.0227
   0.0235
   0.0243
   0.0251
   0.0259
   0.0267
   0.0275
   0.0283
   0.0291
   0.0299
   0.0307
   0.0315
   0.0323
   0.0331
   0.0338
   0.0346
   0.0354
   0.0361
   0.0369
   0.0376
   0.0384
   0.0392
   0.0399
   0.0406
   0.0414
   0.0421
   0.0428
   0.0435
   0.0443
   0.0450
   0.0457
   0.0464
   0.0471
   0.0478
   0.0485
   0.0491
   0.0498
   0.0505
   0.0512
   0.0518
   0.0525
   0.0531
   0.0538
   0.0544
   0.0550
   0.0557
   0.0563
   0.0569
   0.0575
   0.0581
   0.0587
   0.0593
   0.0599
   0.0604
   0.0610
   0.0616
   0.0621
   0.0627
   0.0632
   0.0637
   0.0643
   0.0648
   0.0653
   0.0658
   0.0663
   0.0668
   0.0673
   0.0677
   0.0682
   0.0687
   0.0691
   0.0696
   0.0700
   0.0705
   0.0709
   0.0713
   0.0717
   0.0721
   0.0725
   0.0729
   0.0733
   0.0736
   0.0740
   0.0743
   0.0747
   0.0750
   0.0753
   0.0757
   0.0760
   0.0763
   0.0766
   0.0769
   0.0771
   0.0774
   0.0777
   0.0779
   0.0782
   0.0784
   0.0786
   0.0789
   0.0791
   0.0793
   0.0795
   0.0797
   0.0798
   0.0800
   0.0802
   0.0803
   0.0804
   0.0806
   0.0807
   0.0808
   0.0809
   0.0810
   0.0811
   0.0812
   0.0813
   0.0813
   0.0814
   0.0814
   0.0815
   0.0815
   0.0815
   0.0815
   0.0815
   0.0815
   0.0815
   0.0815
   0.0814
   0.0814
   0.0813
   0.0813
   0.0812
   0.0811
   0.0810
   0.0809
   0.0808
   0.0807
   0.0806
   0.0804
   0.0803
   0.0802
   0.0800
   0.0798
   0.0797
   0.0795
   0.0793
   0.0791
   0.0789
   0.0786
   0.0784
   0.0782
   0.0779
   0.0777
   0.0774
   0.0771
   0.0769
   0.0766
   0.0763
   0.0760
   0.0757
   0.0753
   0.0750
   0.0747
   0.0743
   0.0740
   0.0736
   0.0733
   0.0729
   0.0725
   0.0721
   0.0717
   0.0713
   0.0709
   0.0705
   0.0700
   0.0696
   0.0691
   0.0687
   0.0682
   0.0677
   0.0673
   0.0668
   0.0663
   0.0658
   0.0653
   0.0648
   0.0643
   0.0637
   0.0632
   0.0627
   0.0621
   0.0616
   0.0610
   0.0604
   0.0599
   0.0593
   0.0587
   0.0581
   0.0575
   0.0569
   0.0563
   0.0557
   0.0550
   0.0544
   0.0538
   0.0531
   0.0525
   0.0518
   0.0512
   0.0505
   0.0498
   0.0491
   0.0485
   0.0478
   0.0471
   0.0464
   0.0457
   0.0450
   0.0443
   0.0435
   0.0428
   0.0421
   0.0414
   0.0406
   0.0399
   0.0392
   0.0384
   0.0376
   0.0369
   0.0361
   0.0354
   0.0346
   0.0338
   0.0331
   0.0323
   0.0315
   0.0307
   0.0299
   0.0291
   0.0283
   0.0275
   0.0267
   0.0259
   0.0251
   0.0243
   0.0235
   0.0227
   0.0218
   0.0210
   0.0202
   0.0194
   0.0186
   0.0177
   0.0169
   0.0161
   0.0152
   0.0144
   0.0135
   0.0127
   0.0119
   0.0110
   0.0102
   0.0093
   0.0085
   0.0076
   0.0068
   0.0060
   0.0051
   0.0043
   0.0034
   0.0026
   0.0017
   0.0009

