-0.0278851
-0.0551414
-0.0831286
-0.110753
-0.137267
-0.162047
-0.184563
-0.204379
-0.221154
-0.23465
-0.244731
-0.25136
-0.254596
-0.254582
-0.25154
-0.245748
-0.237538
-0.22727
-0.215325
-0.202087
-0.187932
-0.173219
-0.158277
-0.1434
-0.128845
-0.114825
-0.101511
-0.089034
-0.077483
-0.0669128
-0.0573459
-0.0487777
-0.0411811
-0.0345113
-0.0287104
-0.0237114
-0.0194418
-0.015827
-0.0127927
-0.0102671
-0.00818225
-0.00647518
-0.00508862
-0.00397129
-0.00307794
-0.00236918
-0.00181117
-0.00137515
-0.00103702
-0.000776736
-0.000577863
-0.00042702
-0.000313438
-0.000228531
-0.000165515
-0.000119078
-8.5102e-05
-6.04181e-05
-4.26109e-05
-2.98544e-05
-2.07795e-05
-1.43684e-05
-9.87031e-06
-6.73616e-06
-4.56727e-06
-3.0766e-06
-2.05901e-06
-1.36907e-06
-9.04433e-07
-5.93632e-07
-3.87126e-07
-2.50834e-07
-1.61482e-07
-1.03293e-07
-6.56493e-08
-4.14579e-08
-2.60139e-08
-1.62192e-08
-1.00481e-08
-6.18546e-09
-3.78355e-09
-2.29969e-09
-1.38894e-09
-8.33587e-10
-4.97132e-10
-2.94612e-10
-1.73497e-10
-1.01531e-10
-5.90436e-11
-3.4121e-11
-1.9595e-11
-1.11826e-11
-6.34179e-12
-3.57369e-12
-2.00057e-12
-1.11165e-12
-6.11486e-13
-3.29923e-13
-1.689e-13
-7.09266e-14
