-0.00655645
-0.0130787
-0.0199988
-0.0271712
-0.0345252
-0.0420079
-0.049573
-0.0571777
-0.0647807
-0.0723424
-0.0798245
-0.0871896
-0.0944022
-0.101428
-0.108234
-0.114789
-0.121065
-0.127035
-0.132674
-0.13796
-0.142874
-0.147397
-0.151516
-0.155218
-0.158494
-0.161338
-0.163745
-0.165714
-0.167245
-0.168343
-0.169013
-0.169264
-0.169104
-0.168547
-0.167606
-0.166296
-0.164635
-0.162641
-0.160333
-0.157732
-0.154858
-0.151733
-0.14838
-0.144821
-0.141077
-0.137172
-0.133128
-0.128966
-0.124708
-0.120375
-0.115986
-0.11156
-0.107117
-0.102674
-0.0982459
-0.0938497
-0.0894991
-0.0852073
-0.0809863
-0.0768471
-0.0727995
-0.0688521
-0.0650125
-0.0612871
-0.0576815
-0.0542
-0.0508463
-0.0476228
-0.0445313
-0.0415728
-0.0387473
-0.0360545
-0.0334932
-0.0310615
-0.0287573
-0.0265779
-0.02452
-0.0225802
-0.0207547
-0.0190393
-0.0174297
-0.0159214
-0.0145097
-0.0131899
-0.0119571
-0.0108063
-0.00973268
-0.00873111
-0.00779665
-0.00692429
-0.00610907
-0.00534602
-0.00463017
-0.00395656
-0.00332023
-0.00271619
-0.00213938
-0.00158468
-0.00104685
-0.000520488
