-0.00359243
-0.0071742
-0.0109904
-0.0149698
-0.0190827
-0.0233092
-0.0276329
-0.0320392
-0.0365143
-0.0410448
-0.0456176
-0.0502197
-0.0548382
-0.0594604
-0.0640737
-0.0686656
-0.0732237
-0.077736
-0.0821904
-0.0865754
-0.0908796
-0.0950919
-0.0992017
-0.103199
-0.107073
-0.110815
-0.114416
-0.117868
-0.121163
-0.124292
-0.127251
-0.130032
-0.13263
-0.13504
-0.137257
-0.139279
-0.141101
-0.142722
-0.14414
-0.145352
-0.14636
-0.147163
-0.147761
-0.148156
-0.148349
-0.148343
-0.14814
-0.147744
-0.147158
-0.146388
-0.145436
-0.144308
-0.143011
-0.141548
-0.139927
-0.138153
-0.136233
-0.134173
-0.131981
-0.129664
-0.127228
-0.12468
-0.122028
-0.11928
-0.116441
-0.11352
-0.110524
-0.107459
-0.104333
-0.101151
-0.0979217
-0.0946503
-0.0913431
-0.0880063
-0.0846454
-0.0812659
-0.077873
-0.0744716
-0.0710662
-0.0676612
-0.0642604
-0.0608675
-0.0574856
-0.0541178
-0.0507665
-0.0474339
-0.0441218
-0.0408317
-0.0375647
-0.0343213
-0.0311018
-0.0279062
-0.024734
-0.0215842
-0.0184554
-0.0153461
-0.012254
-0.00917651
-0.00611073
-0.00305319
