0.00235787
0.00471151
0.00722464
0.00985358
0.0125819
0.0153998
0.0182999
0.0212759
0.0243221
0.0274331
0.0306035
0.0338281
0.0371018
0.0404191
0.0437748
0.0471635
0.0505797
0.0540179
0.0574726
0.060938
0.0644085
0.0678784
0.0713418
0.0747929
0.0782258
0.0816348
0.0850137
0.0883569
0.0916583
0.0949121
0.0981124
0.101253
0.104329
0.107335
0.110263
0.11311
0.115869
0.118535
0.121103
0.123568
0.125924
0.128166
0.13029
0.132292
0.134165
0.135907
0.137514
0.13898
0.140302
0.141478
0.142502
0.143373
0.144087
0.144642
0.145034
0.145263
0.145325
0.14522
0.144945
0.144499
0.143882
0.143092
0.142129
0.140994
0.139686
0.138205
0.136552
0.134728
0.132735
0.130573
0.128245
0.125753
0.123098
0.120283
0.117312
0.114187
0.110912
0.10749
0.103926
0.100222
0.0963845
0.0924171
0.0883247
0.0841126
0.0797858
0.07535
0.0708108
0.0661741
0.061446
0.0566327
0.0517406
0.0467764
0.0417467
0.0366583
0.0315184
0.026334
0.0211123
0.0158606
0.0105863
0.00529695
