1 -2 1600 1 400
11 -2.18182 1745.45 1.09091 436.364
21 -2.1039 1683.12 1.05195 420.779
31 -2.05432 1632.76 1.03055 410.873
41 -2.01011 1576.46 1.01514 402.061
51 -1.99785 1565.1 1.00951 399.614
61 -1.95669 1506.29 0.997533 391.484
71 -1.90939 1437.91 0.981655 380.035
81 -1.88296 1400.69 0.973169 374.14
91 -1.86718 1379.22 0.969815 372.078
101 -1.81799 1308.98 0.956978 362.695
111 -1.84935 1355.79 0.960423 365.642
121 -1.87752 1398.42 0.965995 370.175
131 -1.88838 1415.72 0.97245 375.404
141 -1.90091 1435.24 0.978457 380.243
151 -1.85424 1366.26 0.962672 368.248
161 -1.8309 1332.76 0.952346 360.548
171 -1.78667 1269.86 0.938025 349.948
181 -1.79125 1276.58 0.934961 347.758
191 -1.74671 1214.06 0.929319 343.655
201 -1.75854 1231.04 0.937957 350.17
211 -1.75402 1225.03 0.926957 342.099
221 -1.73477 1198.46 0.927226 342.374
231 -1.7227 1182.27 0.920529 337.501
241 -1.69669 1147.34 0.906081 327.123
251 -1.66058 1098.69 0.89112 316.388
261 -1.7274 1189.15 0.917725 335.634
271 -1.81316 1310.49 0.945969 356.641
281 -1.77642 1257.89 0.935235 348.642
291 -1.78968 1276.83 0.934331 348
301 -1.77103 1250.66 0.901592 324.112
311 -1.74608 1215.66 0.907176 328.138
321 -1.75603 1230.03 0.919212 336.992
331 -1.82289 1325.98 0.944544 355.888
341 -1.9042 1446.21 0.973928 378.309
351 -1.87793 1406.86 0.970453 375.653
361 -1.82883 1334.38 0.957536 365.746
371 -1.84833 1362.95 0.961355 368.694
381 -1.79881 1290.97 0.94541 356.594
391 -1.78348 1269.15 0.941727 353.848
401 -1.78188 1267.08 0.935216 349.008
411 -1.74606 1216.92 0.931606 346.345
421 -1.79607 1287.45 0.938852 351.796
431 -1.78883 1277.17 0.92226 339.456
441 -1.78766 1275.65 0.928565 344.14
451 -1.66946 1112.74 0.881848 310.454
461 -1.68275 1131.14 0.879863 309.094
471 -1.76576 1244.67 0.901613 324.506
481 -1.75506 1229.57 0.8915 317.263
491 -1.72046 1181.82 0.893272 318.651
501 -1.76381 1242.5 0.924088 340.95
511 -1.74578 1216.92 0.908863 329.795
521 -1.7984 1292.17 0.939624 352.623
531 -1.85277 1371.13 0.962768 370.116
541 -1.87537 1404.66 0.966512 373.017
551 -1.85088 1367.96 0.956691 365.453
561 -1.8748 1403.97 0.961483 369.199
571 -1.86363 1387.12 0.961474 369.182
581 -1.83546 1345.7 0.948342 359.215
591 -1.75153 1225.49 0.92284 340.135
601 -1.72544 1189.77 0.915279 334.7
611 -1.66196 1103.35 0.861539 296.463
621 -1.68907 1139.77 0.899705 323.375
631 -1.6754 1121.81 0.887068 314.65
641 -1.59321 1014.05 0.821072 269.304
651 -1.53842 945.403 0.815386 265.613
661 -1.62611 1056.69 0.853942 291.331
671 -1.69302 1146.09 0.881787 310.808
681 -1.71178 1170.72 0.900047 323.633
691 -1.70944 1167.4 0.918936 337.318
701 -1.73581 1203.93 0.913108 333.105
711 -1.70793 1165.43 0.896896 321.409
721 -1.8019 1297.19 0.924947 341.758
731 -1.7558 1231.77 0.921525 339.248
741 -1.82659 1333.22 0.954658 364.1
751 -1.83928 1351.59 0.956544 365.52
761 -1.85156 1370.03 0.961198 369.114
771 -1.7909 1281.71 0.941428 354.088
781 -1.77268 1255.76 0.938113 351.604
791 -1.7589 1236.21 0.930516 345.939
801 -1.76825 1249.67 0.933802 348.445
811 -1.7871 1276.21 0.935609 349.766
821 -1.78505 1273.2 0.92195 339.598
831 -1.71767 1179.24 0.896531 321.193
841 -1.64565 1083 0.84546 285.695
851 -1.80702 1305.96 0.915946 335.645
861 -1.76127 1240.71 0.926163 342.87
871 -1.76139 1240.07 0.922315 339.907
881 -1.73452 1202.47 0.901189 324.535
891 -1.75333 1230.12 0.916197 335.489
901 -1.66881 1113.22 0.873475 304.915
911 -1.68815 1138.85 0.873297 304.802
921 -1.64188 1077.54 0.837664 280.509
931 -1.70307 1159.28 0.865588 299.401
941 -1.75671 1233.53 0.885941 313.661
951 -1.68716 1137.92 0.89773 322.114
961 -1.64563 1082.78 0.868494 301.606
971 -1.75694 1234.09 0.926703 343.264
981 -1.7893 1279.92 0.930934 346.382
991 -1.74179 1212.6 0.913402 333.411
1001 -1.77481 1258.99 0.915253 334.797
1011 -1.83065 1339.78 0.94731 358.645
1021 -1.74794 1221.2 0.911525 332.117
1031 -1.76574 1246.45 0.913828 333.784
1041 -1.70075 1156.23 0.907722 329.322
1051 -1.78963 1280.95 0.928742 344.792
1061 -1.7059 1163.4 0.902756 325.755
1071 -1.70785 1166.14 0.904881 327.44
1081 -1.57844 996.343 0.834713 278.647
1091 -1.67047 1115.42 0.886411 314.06
1101 -1.52631 932.635 0.800841 256.845
1111 -1.58524 1005.5 0.822638 270.484
1121 -1.66091 1103.48 0.865707 299.593
1131 -1.68174 1131.09 0.876897 307.483
1141 -1.73777 1208.23 0.924638 341.857
1151 -1.82205 1326.94 0.94897 359.924
1161 -1.86631 1392.21 0.960525 368.744
1171 -1.76138 1240.59 0.923771 341.12
1181 -1.818 1321.31 0.939546 352.828
1191 -1.84029 1353.98 0.954907 364.485
1201 -1.85684 1378.95 0.961711 369.733
1211 -1.80951 1310.01 0.946273 358.014
1221 -1.75335 1228.9 0.906234 328.405
1231 -1.74421 1216.25 0.894331 319.696
1241 -1.70619 1164.59 0.892578 318.509
1251 -1.77629 1261.62 0.899926 323.813
1261 -1.85604 1377.49 0.955698 365.097
1271 -1.81202 1312.8 0.944879 356.907
1281 -1.69343 1146.67 0.884692 313.04
1291 -1.57939 997.834 0.822207 270.339
1301 -1.59633 1019.21 0.848295 287.804
1311 -1.67962 1128.13 0.901078 324.601
1321 -1.75977 1238.85 0.929441 345.431
1331 -1.77553 1260.28 0.92154 339.515
1341 -1.72592 1190.81 0.891541 317.848
1351 -1.76957 1252.74 0.927329 343.993
1361 -1.74284 1216.89 0.91808 337.285
1371 -1.79307 1286.27 0.93831 351.983
1381 -1.74116 1212.68 0.923826 341.225
1391 -1.66904 1113.85 0.890488 317.035
1401 -1.76687 1249.14 0.931021 346.645
1411 -1.73476 1203.18 0.892393 318.67
1421 -1.70243 1158.84 0.880389 309.85
1431 -1.68646 1137.43 0.899962 323.799
1441 -1.7712 1254.34 0.922953 340.526
1451 -1.70413 1161.66 0.886253 314.09
1461 -1.64925 1087.96 0.867414 300.867
1471 -1.78606 1275.87 0.931824 347.141
1481 -1.71148 1171.44 0.91203 332.552
1491 -1.61352 1043.6 0.862875 298.156
1501 -1.64193 1079.9 0.858556 295.048
1511 -1.68667 1138.2 0.844748 285.479
1521 -1.68326 1133.14 0.858119 294.467
1531 -1.78047 1267.66 0.915763 335.372
1541 -1.76411 1244.26 0.927038 343.609
1551 -1.73962 1210.51 0.924718 341.891
1561 -1.6681 1112.89 0.8904 317.062
1571 -1.74423 1217.78 0.924924 342.186
1581 -1.76783 1250.09 0.928403 344.639
1591 -1.76935 1252.25 0.931221 346.714
1601 -1.72345 1188.91 0.914005 334.17
1611 -1.76314 1244.37 0.926604 343.454
1621 -1.7524 1228.74 0.925868 342.743
1631 -1.69482 1148.6 0.911077 331.876
1641 -1.76385 1244.75 0.929827 345.719
1651 -1.72455 1189.69 0.912489 332.983
1661 -1.79573 1289.32 0.935224 349.695
1671 -1.72304 1187.58 0.903151 326.272
1681 -1.63832 1075.32 0.870276 303.142
1691 -1.72094 1185.67 0.902416 325.692
1701 -1.75463 1231.14 0.902374 325.587
1711 -1.68038 1131.25 0.871828 304.243
1721 -1.70139 1159.49 0.883702 312.636
1731 -1.79932 1295.46 0.938434 352.162
1741 -1.71898 1182.2 0.908115 329.95
1751 -1.66179 1105.37 0.892149 318.466
1761 -1.78043 1269.63 0.934845 349.64
1771 -1.86756 1394.54 0.962177 370.136
1781 -1.775 1261.25 0.928154 344.655
1791 -1.72149 1185.48 0.918098 337.044
1801 -1.70107 1158.94 0.902817 326.06
1811 -1.66507 1116.26 0.889701 317.578
1821 -1.78684 1277.4 0.933951 348.817
1831 -1.71413 1180.27 0.887856 316.139
1841 -1.64583 1088.73 0.838128 281.858
1851 -1.62225 1054.5 0.865674 299.98
1861 -1.78854 1279.79 0.932553 347.741
1871 -1.7617 1241.41 0.926511 343.245
1881 -1.76312 1243.14 0.92297 340.598
1891 -1.83745 1350.74 0.951183 361.844
1901 -1.77098 1254.19 0.930671 346.321
1911 -1.73404 1203.05 0.916834 336.21
1921 -1.74402 1216.84 0.924004 341.477
1931 -1.74076 1212.23 0.924842 342.026
1941 -1.80707 1306.22 0.938259 352.038
1951 -1.80422 1302.44 0.940519 353.756
1961 -1.71542 1177.2 0.910778 331.727
1971 -1.73623 1205.52 0.918501 337.335
1981 -1.76768 1250.93 0.931372 346.989
1991 -1.77785 1266.53 0.929159 345.559
2001 -1.61277 1041.41 0.844078 285.13
2011 -1.70228 1159.32 0.880412 309.956
2021 -1.66487 1108.69 0.841428 283.225
2031 -1.67906 1127.65 0.858152 294.522
2041 -1.62511 1058.23 0.840766 283.068
2051 -1.76375 1245.32 0.923869 341.494
2061 -1.58925 1011.15 0.832086 277.231
2071 -1.63379 1069.87 0.867536 301.544
2081 -1.72098 1186.36 0.908922 330.667
2091 -1.79539 1289.41 0.939163 352.729
2101 -1.65877 1101.46 0.894992 320.467
2111 -1.81044 1311.84 0.94108 354.239
2121 -1.81029 1311.13 0.943091 355.707
2131 -1.77747 1263.98 0.930783 346.579
2141 -1.74554 1219.6 0.91458 334.71
2151 -1.80831 1307.89 0.940983 354.129
2161 -1.73309 1201.62 0.901141 324.811
2171 -1.75072 1227.62 0.903913 327.21
2181 -1.74152 1213.48 0.913617 333.866
2191 -1.74444 1221.25 0.914901 335.417
2201 -1.82493 1331.9 0.948364 359.628
2211 -1.8268 1335.39 0.946141 358.043
2221 -1.82466 1331.75 0.948931 360.092
2231 -1.76477 1245.94 0.932456 347.703
2241 -1.75532 1232.9 0.910456 331.575
2251 -1.79519 1289.39 0.930171 346.039
2261 -1.69995 1155.73 0.886097 314.023
2271 -1.73065 1198.73 0.907927 329.745
2281 -1.83131 1341.2 0.946823 358.486
2291 -1.74437 1217.24 0.909442 330.816
2301 -1.74769 1223.17 0.922342 340.38
2311 -1.74395 1217.84 0.901148 324.842
2321 -1.84351 1359.89 0.948049 359.533
2331 -1.71356 1175.42 0.907934 329.79
2341 -1.69834 1155.77 0.891772 318.316
2351 -1.70839 1167.9 0.907763 329.543
2361 -1.7098 1171.4 0.907195 329.294
2371 -1.74947 1225.15 0.915054 334.891
2381 -1.70539 1163.52 0.908895 330.356
2391 -1.71168 1171.91 0.906095 328.357
2401 -1.66695 1111.69 0.884792 313.079
2411 -1.67967 1128.77 0.883803 312.547
2421 -1.71667 1178.98 0.909411 330.746
2431 -1.67839 1127.7 0.897657 322.361
2441 -1.63692 1072.43 0.886865 314.582
2451 -1.60755 1035.85 0.864509 299.438
2461 -1.83631 1349.28 0.95105 361.78
2471 -1.7547 1233.63 0.920891 339.385
2481 -1.73168 1200.28 0.91651 336.045
2491 -1.75911 1238.03 0.925783 342.803
2501 -1.86146 1386.58 0.959816 368.459
2511 -1.77832 1265.23 0.937019 351.147
2521 -1.80912 1309.56 0.945776 357.765
2531 -1.79932 1295.84 0.931438 347.16
2541 -1.71536 1176.89 0.908121 329.777
2551 -1.75685 1234.82 0.91459 334.55
2561 -1.78722 1277.79 0.933014 348.159
2571 -1.63028 1064.11 0.865491 299.788
2581 -1.74059 1212.17 0.912211 332.831
2591 -1.80428 1303.35 0.943291 355.993
2601 -1.74701 1221.29 0.9223 340.265
2611 -1.79732 1292.4 0.939116 352.749
2621 -1.72699 1194.25 0.910253 331.58
2631 -1.70787 1166.86 0.906574 328.716
2641 -1.6772 1126.3 0.897909 322.634
2651 -1.7704 1254.36 0.927636 344.194
2661 -1.77735 1264.08 0.936681 350.901
2671 -1.74685 1221.05 0.92515 342.345
2681 -1.72516 1190.93 0.917721 336.899
2691 -1.75153 1228.16 0.922257 340.213
2701 -1.7871 1278.8 0.938775 352.563
2711 -1.77897 1268.36 0.934734 349.666
2721 -1.73806 1208.34 0.906488 328.731
2731 -1.6725 1120.54 0.871628 304.254
2741 -1.75934 1239.91 0.910431 332.094
2751 -1.82163 1329.05 0.950943 361.768
2761 -1.79103 1283.21 0.934893 349.532
2771 -1.64773 1086.46 0.872488 304.552
2781 -1.72959 1197.2 0.897061 321.933
2791 -1.6921 1147.77 0.869728 303.082
2801 -1.6801 1131.14 0.866187 300.87
2811 -1.75485 1233.22 0.915178 335.257
2821 -1.76476 1247.03 0.929252 345.497
2831 -1.82584 1333.81 0.951941 362.411
2841 -1.69678 1151.78 0.89879 323.155
2851 -1.80217 1299.06 0.942341 355.119
2861 -1.72377 1189.02 0.902753 326.156
2871 -1.77555 1263.22 0.920022 339.108
2881 -1.78501 1274.84 0.932129 347.571
2891 -1.6754 1123.21 0.894622 320.236
2901 -1.78483 1276.95 0.93222 347.865
2911 -1.83264 1343.56 0.952216 362.635
2921 -1.70647 1165.37 0.905206 327.781
2931 -1.74928 1224.25 0.910305 331.527
2941 -1.75028 1226.21 0.911632 332.548
2951 -1.68562 1136.93 0.869203 302.614
2961 -1.71468 1177.06 0.895354 320.765
2971 -1.77983 1267.12 0.927654 344.138
2981 -1.83846 1352.72 0.953721 363.828
2991 -1.6792 1130.46 0.892718 319.096
3001 -1.70274 1162.05 0.905799 328.439
3011 -1.76687 1249.75 0.928861 345.202
3021 -1.70924 1169.84 0.88854 315.92
3031 -1.76454 1246.26 0.897146 322.186
3041 -1.78399 1273.97 0.932492 347.876
3051 -1.81153 1312.78 0.943975 356.376
3061 -1.74001 1211.87 0.918639 337.594
3071 -1.67627 1124.4 0.893774 319.562
3081 -1.66177 1105.09 0.877864 308.289
3091 -1.75964 1239.17 0.925616 342.758
3101 -1.68512 1136.45 0.880311 310.057
3111 -1.65811 1101.26 0.862864 297.932
3121 -1.62081 1051.94 0.809285 263.342
3131 -1.67353 1121.55 0.867734 301.983
3141 -1.73013 1198.46 0.910284 331.522
3151 -1.71831 1181.02 0.907787 329.568
3161 -1.6748 1123.16 0.892703 318.883
3171 -1.76903 1251.93 0.931422 346.962
3181 -1.78244 1270.89 0.933955 348.856
3191 -1.78629 1276.83 0.931212 346.896
3201 -1.75322 1230.57 0.908841 330.544
3211 -1.67074 1116.71 0.886122 314.081
3221 -1.63152 1066.66 0.876267 307.397
3231 -1.61675 1046.84 0.839151 281.977
3241 -1.71544 1178.54 0.897067 322.209
3251 -1.72149 1186.59 0.892011 318.532
3261 -1.77524 1261.31 0.929726 345.766
3271 -1.79579 1291.53 0.932793 348.081
3281 -1.67969 1133.55 0.864445 299.979
3291 -1.66825 1114.19 0.880966 310.705
3301 -1.81641 1320.43 0.94193 354.918
3311 -1.78722 1278.14 0.935201 349.853
3321 -1.719 1182.57 0.899085 323.471
3331 -1.80969 1311.04 0.940387 353.81
3341 -1.75698 1235.85 0.917233 336.604
3351 -1.68158 1132.01 0.900014 324.067
3361 -1.79379 1287.89 0.934578 349.463
3371 -1.81715 1320.83 0.942157 355.002
3381 -1.76779 1252.59 0.928544 345.174
3391 -1.58311 1002.57 0.833981 278.352
3401 -1.62982 1063.72 0.875183 306.573
3411 -1.73187 1200.56 0.91725 336.607
3421 -1.87506 1406.83 0.965806 373.08
3431 -1.80251 1299.88 0.941251 354.364
3441 -1.76954 1253.62 0.927721 344.357
3451 -1.77087 1254.78 0.929021 345.241
3461 -1.76671 1250.45 0.930244 346.301
3471 -1.75023 1225.4 0.920861 339.154
3481 -1.80974 1310.54 0.941246 354.382
3491 -1.75308 1230.38 0.926572 343.457
3501 -1.7407 1212.5 0.917227 336.539
3511 -1.79476 1290.71 0.937877 352.037
3521 -1.76594 1250.58 0.926253 343.581
3531 -1.7235 1188.73 0.907058 329.171
3541 -1.69097 1147.27 0.898131 322.951
3551 -1.69547 1150.77 0.903934 326.897
3561 -1.69225 1148.4 0.889004 316.366
3571 -1.76804 1251.26 0.926898 343.705
3581 -1.81099 1312.23 0.942296 355.177
3591 -1.7211 1186.77 0.911372 332.421
3601 -1.77581 1262.48 0.916917 336.422
3611 -1.82229 1328.96 0.947115 358.828
3621 -1.70214 1159.62 0.900176 324.217
3631 -1.7473 1222.26 0.913662 334.064
3641 -1.75336 1230.53 0.908691 330.427
3651 -1.71691 1179.35 0.884397 312.859
3661 -1.7707 1255.84 0.920985 339.537
3671 -1.76858 1251.68 0.921887 340.02
3681 -1.74048 1212.5 0.910089 331.371
3691 -1.73907 1211.96 0.919385 338.26
3701 -1.72996 1197.99 0.905828 328.306
3711 -1.69898 1155.42 0.889764 316.803
3721 -1.78277 1273.73 0.931317 347.245
3731 -1.79257 1286.14 0.936193 350.68
3741 -1.8214 1327.3 0.947931 359.402
3751 -1.72999 1197.91 0.91011 331.408
3761 -1.75101 1227.71 0.912285 333.058
3771 -1.7169 1179.48 0.901639 325.272
3781 -1.76934 1253.33 0.929941 346.006
3791 -1.7713 1256.34 0.924662 342.229
3801 -1.76878 1252.14 0.921347 339.679
3811 -1.78063 1268.83 0.930911 346.667
3821 -1.64408 1082.31 0.860577 296.441
3831 -1.68596 1138.49 0.896806 321.856
3841 -1.77571 1262.35 0.923231 340.981
3851 -1.75687 1235.12 0.925973 343.005
3861 -1.79163 1285.17 0.927651 344.373
3871 -1.84831 1368.29 0.953657 363.971
3881 -1.86089 1385.42 0.962237 370.317
3891 -1.79926 1298.15 0.929215 346.14
3901 -1.71644 1179.89 0.872261 305.238
3911 -1.74996 1228.43 0.921661 340.372
3921 -1.60963 1037.22 0.824614 272.378
3931 -1.76608 1247.96 0.920992 339.278
3941 -1.79591 1290.73 0.935633 350.224
3951 -1.76582 1248.61 0.924727 342.136
3961 -1.66725 1112.36 0.887923 315.416
3971 -1.72731 1194.08 0.910067 331.362
3981 -1.76815 1251 0.921456 339.659
3991 -1.72453 1191.11 0.905668 328.352
4001 -1.73547 1206.07 0.918104 337.295
4011 -1.72239 1189.44 0.902291 326.176
4021 -1.70394 1163.43 0.87968 310.515
4031 -1.7685 1252.18 0.930842 346.681
4041 -1.78961 1281.38 0.939008 352.67
4051 -1.71666 1181.38 0.900454 324.734
4061 -1.84357 1363.69 0.950837 362.154
4071 -1.68755 1139.7 0.896501 321.53
4081 -1.71634 1179.9 0.909558 331.16
4091 -1.71294 1179.26 0.900954 325.742
4101 -1.83088 1342.32 0.950522 361.576
4111 -1.76519 1247.37 0.921209 339.675
4121 -1.80615 1307.59 0.937275 351.756
4131 -1.56947 985.841 0.791711 250.888
4141 -1.57356 992.54 0.769882 238.034
4151 -1.68511 1136.58 0.872169 304.515
4161 -1.71698 1180.15 0.88954 316.787
4171 -1.7403 1212.16 0.921233 339.5
4181 -1.79325 1286.8 0.938906 352.622
4191 -1.77524 1261.55 0.930665 346.515
4201 -1.73306 1202.72 0.903774 327.169
4211 -1.76214 1242.62 0.927942 344.45
4221 -1.72856 1197.62 0.898008 322.603
4231 -1.79103 1285.6 0.933993 349.288
4241 -1.74432 1218.96 0.911326 332.499
4251 -1.68647 1139.82 0.876204 307.385
4261 -1.68282 1135.66 0.887832 315.568
4271 -1.65847 1101.94 0.878579 309.135
4281 -1.66408 1110.12 0.857852 294.908
4291 -1.69464 1149.97 0.857441 294.369
4301 -1.70138 1159.4 0.888961 316.34
4311 -1.78743 1278.7 0.934558 349.469
4321 -1.7248 1190.44 0.896711 321.774
4331 -1.74148 1214.33 0.907285 329.427
4341 -1.77514 1261.59 0.927924 344.519
4351 -1.64559 1084.55 0.859064 295.531
4361 -1.73496 1206.36 0.914385 334.857
4371 -1.73619 1207.65 0.901805 325.673
4381 -1.72673 1196.8 0.911452 332.915
4391 -1.70004 1158.01 0.889756 317.235
4401 -1.71824 1181.89 0.907209 329.334
4411 -1.84568 1363.36 0.95324 363.561
4421 -1.69055 1148.49 0.87781 309.225
4431 -1.782 1273.18 0.925879 343.37
4441 -1.74032 1211.93 0.902806 326.098
4451 -1.75948 1239.19 0.91965 338.378
4461 -1.74757 1224.82 0.921594 340.038
4471 -1.81403 1317.59 0.939849 353.435
4481 -1.73653 1207.12 0.91312 333.664
4491 -1.72874 1195.89 0.900763 324.596
4501 -1.72558 1192.17 0.907991 329.832
4511 -1.62025 1050.46 0.843795 284.925
4521 -1.6705 1119.65 0.862912 299.536
4531 -1.76387 1247.56 0.927118 344.2
4541 -1.79102 1284.12 0.941431 354.553
4551 -1.69819 1154.69 0.906412 328.806
4561 -1.78731 1277.88 0.934394 349.21
4571 -1.70977 1171.69 0.9046 327.572
4581 -1.76866 1252.53 0.922581 340.63
4591 -1.72029 1185.42 0.914245 334.523
4601 -1.78426 1277.06 0.927755 344.746
4611 -1.8071 1307.1 0.942397 355.305
4621 -1.79457 1288.8 0.936419 350.782
4631 -1.66706 1112.44 0.863519 298.417
4641 -1.66809 1114.72 0.844097 285.952
4651 -1.70787 1167.59 0.908089 329.963
4661 -1.81755 1323.81 0.941719 355.055
4671 -1.80979 1310.45 0.935544 350.086
4681 -1.8229 1330.05 0.941084 354.347
4691 -1.6911 1146.22 0.897816 322.642
4701 -1.7944 1289.91 0.939009 352.907
4711 -1.81393 1317.3 0.947051 358.811
4721 -1.74828 1224.8 0.921246 339.686
4731 -1.69489 1153.26 0.892998 319.782
4741 -1.69542 1150.5 0.893517 319.626
4751 -1.77831 1265.6 0.928946 345.299
4761 -1.66178 1106.03 0.881383 310.934
4771 -1.78655 1279.47 0.934468 349.594
4781 -1.76023 1241.22 0.92464 342.19
4791 -1.72066 1185.66 0.907136 329.443
4801 -1.74586 1220.03 0.922393 340.4
4811 -1.7441 1220.02 0.913207 334.087
4821 -1.66825 1113.88 0.881125 310.616
4831 -1.76478 1246.79 0.927536 344.224
4841 -1.7707 1254.93 0.928462 344.927
4851 -1.76054 1241.43 0.925696 343.013
4861 -1.72154 1189.41 0.9067 329.605
4871 -1.57946 998.656 0.837333 280.609
4881 -1.72711 1194.28 0.899364 323.74
4891 -1.79986 1296.68 0.936928 351.213
4901 -1.66493 1110.45 0.890831 317.742
4911 -1.78531 1276.55 0.932391 347.895
4921 -1.69837 1154.71 0.899616 323.797
4931 -1.7717 1256.55 0.930138 346.136
4941 -1.68858 1141.72 0.899007 323.491
4951 -1.73239 1201.27 0.907087 329.265
4961 -1.80271 1300.52 0.93305 348.392
4971 -1.84156 1357.62 0.956845 366.258
4981 -1.65668 1100.57 0.869318 302.887
4991 -1.76545 1247.79 0.926325 343.402
5001 -1.77797 1265.18 0.928261 344.752
5011 -1.79603 1290.66 0.94086 354.093
5021 -1.75916 1239.78 0.922216 340.305
5031 -1.8094 1310.35 0.941164 354.38
5041 -1.76256 1243.03 0.924488 341.927
5051 -1.84832 1367.87 0.955582 365.345
5061 -1.80737 1307.17 0.943813 356.334
5071 -1.75114 1227.16 0.923551 341.213
5081 -1.80743 1307.31 0.940557 353.879
5091 -1.74709 1221.75 0.912371 333.157
5101 -1.72412 1190.35 0.909371 330.975
5111 -1.83283 1344.14 0.953313 363.516
5121 -1.76802 1251.55 0.926522 343.501
5131 -1.77432 1260.83 0.93169 347.348
5141 -1.76847 1252.74 0.926578 343.648
5151 -1.74465 1218.2 0.905865 328.611
5161 -1.68128 1132.53 0.879586 310.339
5171 -1.70866 1171.36 0.88756 316.269
5181 -1.82297 1329.7 0.944676 357.022
5191 -1.81469 1318.31 0.946094 358.14
5201 -1.77796 1265.54 0.935789 350.34
5211 -1.77097 1255.42 0.927382 344.136
5221 -1.75082 1229.24 0.924027 341.826
5231 -1.7478 1222.55 0.914433 334.514
5241 -1.7631 1245.96 0.919773 338.716
5251 -1.83344 1345.08 0.953138 363.39
5261 -1.80589 1305.83 0.942087 355.114
5271 -1.78902 1280.94 0.933693 348.74
5281 -1.80653 1306.1 0.939079 352.825
5291 -1.76855 1251.51 0.925476 342.687
5301 -1.76808 1251.74 0.923894 341.615
5311 -1.72502 1192.25 0.903423 326.829
5321 -1.70291 1161.27 0.873551 305.529
5331 -1.76592 1250.49 0.925272 342.836
5341 -1.7625 1244.23 0.925597 342.857
5351 -1.63157 1070.57 0.86641 301.667
5361 -1.81106 1312.46 0.942892 355.645
5371 -1.73764 1209.95 0.898854 323.467
5381 -1.80592 1306.25 0.937558 351.831
5391 -1.798 1293.74 0.943413 356.036
5401 -1.7111 1173.45 0.906242 328.818
5411 -1.68069 1135.58 0.894702 321.039
5421 -1.74007 1212.24 0.909976 331.347
5431 -1.70294 1160.53 0.895452 320.812
5441 -1.64203 1080.88 0.860411 296.661
5451 -1.8222 1328.99 0.946412 358.325
5461 -1.75995 1239.65 0.91522 335.178
5471 -1.81067 1311.65 0.940373 353.743
5481 -1.68842 1142.12 0.887731 315.673
5491 -1.64495 1083.18 0.852519 291.288
5501 -1.71385 1176.79 0.90452 327.523
5511 -1.79913 1295.68 0.940407 353.819
5521 -1.76897 1253.42 0.925413 342.768
5531 -1.77574 1263.12 0.92708 344.036
5541 -1.65124 1092.1 0.872518 304.793
5551 -1.7134 1178.13 0.894114 320.932
5561 -1.69465 1149.85 0.892842 319.185
5571 -1.75309 1231.53 0.918137 337.498
5581 -1.78104 1269.62 0.929994 346.048
5591 -1.75377 1231.37 0.919226 338.124
5601 -1.78745 1280.16 0.935136 350.077
5611 -1.74702 1221.24 0.922994 340.795
5621 -1.78525 1275.4 0.932569 347.934
5631 -1.78979 1281.97 0.930436 346.367
5641 -1.74762 1224 0.914315 334.839
5651 -1.77987 1270.59 0.933555 348.988
5661 -1.83632 1349.64 0.949716 360.845
5671 -1.87602 1408.8 0.965268 372.769
5681 -1.78524 1276.36 0.935901 350.468
5691 -1.79763 1293.7 0.936141 350.682
5701 -1.81024 1311.53 0.936996 351.322
5711 -1.7703 1256.68 0.924348 342.242
5721 -1.71588 1178.56 0.907835 329.74
5731 -1.72647 1196.52 0.9156 335.859
5741 -1.7181 1183.66 0.902252 326.169
5751 -1.78581 1277.22 0.93556 350.231
5761 -1.69978 1160.18 0.899777 324.454
5771 -1.74981 1226.07 0.915744 335.56
5781 -1.74452 1218.64 0.913288 333.998
5791 -1.75961 1239.7 0.922418 340.47
5801 -1.80196 1299.92 0.939371 353.07
5811 -1.8395 1354.45 0.953624 363.859
5821 -1.70435 1163.41 0.901346 325.104
5831 -1.59207 1016.21 0.827708 274.245
5841 -1.6494 1089.18 0.848281 287.953
5851 -1.7066 1166.88 0.903975 327.059
5861 -1.71613 1178.27 0.91071 331.763
5871 -1.74855 1226.41 0.919244 338.396
5881 -1.68951 1144.38 0.889508 316.96
5891 -1.74512 1220 0.898966 323.589
5901 -1.83149 1342.61 0.950725 361.633
5911 -1.724 1192.06 0.913013 333.808
5921 -1.69573 1151.63 0.895584 320.93
5931 -1.71925 1183.82 0.903767 326.885
5941 -1.72796 1195.54 0.897276 322.131
5951 -1.80146 1299.05 0.9394 353.076
5961 -1.76428 1246.88 0.921043 339.632
5971 -1.63416 1071.73 0.851452 290.798
5981 -1.80061 1298.05 0.933994 349.129
5991 -1.65545 1103.14 0.858886 297.042
6001 -1.63974 1077.5 0.854811 293.128
6011 -1.52694 933.897 0.781644 244.729
6021 -1.65224 1092.66 0.86632 300.469
6031 -1.70139 1160.32 0.873243 306.216
6041 -1.76407 1247.86 0.924176 342.068
6051 -1.83776 1351.57 0.94346 356.155
6061 -1.69116 1145.98 0.889043 316.627
6071 -1.66079 1103.79 0.871799 304.098
6081 -1.71849 1182.58 0.903779 326.922
6091 -1.75252 1230.73 0.913817 334.376
6101 -1.73502 1205.76 0.902036 326.01
6111 -1.74275 1216.17 0.911788 332.864
6121 -1.82644 1335.59 0.94877 360.149
6131 -1.82136 1327.55 0.946621 358.477
6141 -1.79841 1295.45 0.93716 351.508
6151 -1.69775 1154.8 0.897977 322.81
6161 -1.78857 1280.77 0.93804 352.057
6171 -1.66126 1106.72 0.860625 297.245
6181 -1.68532 1138.1 0.886543 314.724
6191 -1.70521 1166.62 0.894386 320.318
6201 -1.74206 1214.76 0.910635 331.956
6211 -1.57901 1002.15 0.835901 280.256
6221 -1.77251 1258.38 0.912186 333.356
6231 -1.64571 1088.29 0.844368 286.834
6241 -1.59967 1024.79 0.800265 256.464
6251 -1.68951 1144.82 0.881177 311.521
6261 -1.70817 1168.57 0.897306 322.465
6271 -1.77558 1262.9 0.926514 343.725
6281 -1.68509 1136.97 0.882078 311.535
6291 -1.7588 1238.32 0.920529 339.164
6301 -1.72232 1188.91 0.907011 329.408
6311 -1.76207 1242.93 0.926793 343.661
6321 -1.68508 1137.52 0.886641 314.781
6331 -1.69995 1156.75 0.889938 317.036
6341 -1.64683 1086.16 0.841891 283.828
6351 -1.7452 1219.4 0.890588 317.91
6361 -1.79284 1287.13 0.935112 349.937
6371 -1.75921 1239.33 0.925076 342.421
6381 -1.7899 1282.26 0.935113 349.826
6391 -1.78741 1278.71 0.936863 351.143
6401 -1.71481 1177.34 0.902577 326.013
6411 -1.72219 1187.19 0.903565 326.714
6421 -1.76081 1240.55 0.91043 331.614
6431 -1.72446 1191.62 0.908095 330.126
6441 -1.78356 1274.16 0.936999 351.327
6451 -1.78864 1280.44 0.934669 349.492
6461 -1.83488 1347.78 0.953105 363.42
6471 -1.79814 1294.45 0.938396 352.385
6481 -1.75325 1231.27 0.925614 342.883
6491 -1.74601 1220.09 0.894928 320.542
6501 -1.79123 1285.24 0.934914 349.865
6511 -1.72204 1187.16 0.903963 327.041
6521 -1.71748 1183.3 0.902865 326.665
6531 -1.76208 1243.18 0.921062 339.523
6541 -1.72284 1188.33 0.917261 336.639
6551 -1.79027 1282.85 0.935035 349.803
6561 -1.67753 1127.1 0.882161 311.594
6571 -1.81009 1310.9 0.944534 356.863
6581 -1.76171 1244.02 0.926595 343.739
6591 -1.75225 1232.04 0.918302 337.78
6601 -1.81689 1322.52 0.943864 356.662
6611 -1.80152 1301.07 0.94034 353.957
6621 -1.81214 1316.84 0.942631 355.786
6631 -1.75696 1236.14 0.923263 341.203
6641 -1.78488 1275.56 0.933849 348.961
6651 -1.7546 1233.46 0.920396 339.072
6661 -1.76245 1243.33 0.912797 333.393
6671 -1.78661 1278 0.935247 350.011
6681 -1.77529 1262.16 0.927726 344.433
6691 -1.7981 1294 0.940345 353.754
6701 -1.69112 1146.62 0.884293 313.366
6711 -1.76339 1247.69 0.906575 329.861
6721 -1.71957 1185.07 0.90288 326.479
6731 -1.77369 1259.39 0.92686 343.764
6741 -1.76608 1250.16 0.922866 341.047
6751 -1.74548 1220 0.91379 334.281
6761 -1.79729 1294.02 0.929518 345.92
6771 -1.8215 1327.9 0.949845 360.936
6781 -1.77788 1264.89 0.931873 347.404
6791 -1.73081 1199.96 0.905138 327.977
6801 -1.70923 1174.51 0.895869 322.205
6811 -1.83857 1353.8 0.949146 360.514
6821 -1.75185 1228.41 0.914807 334.906
6831 -1.7241 1192.32 0.901186 325.606
6841 -1.69351 1148.67 0.883916 312.831
6851 -1.70023 1158 0.884177 313.058
6861 -1.72494 1191.6 0.911109 332.188
6871 -1.73675 1208.32 0.903853 327.147
6881 -1.75563 1234.23 0.925993 343.113
6891 -1.68144 1133.33 0.873058 305.81
6901 -1.71554 1179.65 0.909987 331.586
6911 -1.79859 1294.7 0.936474 350.866
6921 -1.74895 1224.93 0.920173 338.838
6931 -1.79671 1292.32 0.93587 350.435
6941 -1.7897 1283.25 0.93638 350.943
6951 -1.67313 1122.62 0.864492 299.555
6961 -1.79619 1293.02 0.935255 350.181
6971 -1.76941 1255.82 0.930292 346.539
6981 -1.7594 1239.22 0.92367 341.398
6991 -1.77723 1264.92 0.934036 349.093
7001 -1.77731 1266.42 0.933138 348.665
7011 -1.82154 1327.73 0.944916 357.211
7021 -1.83101 1341.86 0.948646 360.03
7031 -1.70467 1165.94 0.887167 315.544
7041 -1.65374 1097.64 0.861173 297.936
7051 -1.7867 1278.28 0.927748 344.522
7061 -1.71923 1184.32 0.89164 318.574
7071 -1.72552 1192.04 0.896837 321.998
7081 -1.63855 1075.06 0.861932 297.412
7091 -1.72618 1192.92 0.909101 330.743
7101 -1.80012 1297.7 0.937506 351.733
7111 -1.70958 1170.76 0.893204 319.582
7121 -1.71672 1180.13 0.906688 329.026
7131 -1.77872 1266.82 0.929749 345.935
7141 -1.67959 1129.62 0.88133 311.017
7151 -1.75886 1238.76 0.922518 340.541
7161 -1.71533 1178.69 0.901467 325.63
7171 -1.7928 1286.94 0.933842 348.962
7181 -1.74984 1225.81 0.915168 335.176
7191 -1.76714 1250.8 0.927014 343.967
7201 -1.75658 1234.96 0.922598 340.547
7211 -1.78363 1273.63 0.930292 346.287
7221 -1.77198 1257.66 0.927636 344.426
7231 -1.75364 1231.89 0.921097 339.589
7241 -1.81034 1311.7 0.942556 355.432
7251 -1.78589 1276.15 0.934136 349.077
7261 -1.77081 1255.68 0.924868 342.317
7271 -1.74829 1224.53 0.917467 336.963
7281 -1.78334 1273.85 0.927558 344.469
7291 -1.71905 1183.56 0.899567 324.028
7301 -1.75255 1231.44 0.92248 340.764
7311 -1.77567 1262.76 0.929189 345.52
7321 -1.79731 1293.45 0.935094 349.884
7331 -1.73367 1203.13 0.912279 333.071
7341 -1.6912 1147.61 0.891867 318.521
7351 -1.8161 1320.89 0.942764 355.779
7361 -1.71678 1181.74 0.908895 330.846
7371 -1.75796 1237.77 0.922637 340.742
7381 -1.64344 1081.73 0.822661 271.834
7391 -1.7676 1250.69 0.93104 346.841
7401 -1.71625 1180.94 0.906461 328.961
7411 -1.7016 1159.62 0.897687 322.473
7421 -1.72585 1192.63 0.905679 328.234
7431 -1.79087 1284.37 0.933914 349.044
7441 -1.83281 1344.53 0.95194 362.535
7451 -1.70876 1168.82 0.898334 322.934
7461 -1.7615 1242.93 0.925135 342.611
7471 -1.75175 1228.76 0.915307 335.35
7481 -1.75207 1230.06 0.921668 340.033
7491 -1.66913 1118.31 0.878652 309.742
7501 -1.77604 1263.33 0.933681 348.893
7511 -1.76393 1246.05 0.927495 344.266
7521 -1.79259 1286.09 0.937097 351.313
7531 -1.76124 1243.42 0.922042 340.47
7541 -1.71914 1183.93 0.908065 330.112
7551 -1.77734 1264.89 0.927119 343.938
7561 -1.77289 1258.67 0.910441 332.088
7571 -1.69143 1148.83 0.85819 296.434
7581 -1.64679 1086.55 0.856916 294.021
7591 -1.74149 1214.19 0.911916 332.866
7601 -1.68342 1134.46 0.888668 316.009
7611 -1.66936 1118.08 0.876985 308.389
7621 -1.69547 1151.79 0.8962 321.549
7631 -1.79012 1283.83 0.929015 345.796
7641 -1.68457 1137.67 0.842702 285.355
7651 -1.76637 1249.87 0.921697 340.088
7661 -1.78085 1270.28 0.927888 344.771
7671 -1.76332 1246.35 0.917255 336.912
7681 -1.75684 1236.5 0.924395 342.157
7691 -1.77698 1264.51 0.93012 346.262
7701 -1.80611 1305.87 0.941115 354.425
7711 -1.75356 1231.53 0.91013 331.614
7721 -1.72497 1191.13 0.903238 326.572
7731 -1.79264 1286.43 0.937034 351.321
7741 -1.74295 1219.05 0.914084 334.949
7751 -1.69381 1149.03 0.896373 321.691
7761 -1.74552 1220.48 0.90454 327.843
7771 -1.76192 1243.39 0.914015 334.59
7781 -1.75893 1239.04 0.917965 337.276
7791 -1.68802 1143.67 0.878549 309.82
7801 -1.63345 1068.78 0.833656 278.517
7811 -1.76137 1244.15 0.918552 337.979
7821 -1.7033 1164.49 0.891831 319.171
7831 -1.79569 1291.04 0.939681 353.304
7841 -1.80549 1305.3 0.942712 355.601
7851 -1.7512 1227.66 0.920427 338.994
7861 -1.75967 1240.49 0.922406 340.596
7871 -1.7327 1205.39 0.910458 332.435
7881 -1.75722 1236.21 0.922382 340.534
7891 -1.70405 1163.21 0.898678 323.256
7901 -1.71616 1179.18 0.907436 329.547
7911 -1.75115 1228.97 0.905558 328.738
7921 -1.77304 1260.18 0.913086 334.151
7931 -1.77934 1267.81 0.932594 348.022
7941 -1.79646 1292.61 0.93572 350.452
7951 -1.82395 1331.31 0.946789 358.607
7961 -1.78369 1274.16 0.928664 345.236
7971 -1.6804 1130.36 0.882358 311.699
7981 -1.75729 1237.84 0.917362 337.256
7991 -1.74211 1215.64 0.913126 333.796
8001 -1.74353 1217.24 0.916147 335.907
8011 -1.76317 1244.68 0.913789 334.291
8021 -1.80325 1302.09 0.941187 354.465
8031 -1.74483 1218.93 0.909216 330.891
8041 -1.74169 1213.94 0.914805 334.819
8051 -1.81112 1312.8 0.944176 356.639
8061 -1.78596 1276.67 0.933495 348.674
8071 -1.79456 1290.18 0.938082 352.233
8081 -1.76808 1251.41 0.912394 333.186
8091 -1.82465 1333.58 0.947534 359.329
8101 -1.79464 1290.21 0.935875 350.534
8111 -1.70653 1166.25 0.89061 317.638
8121 -1.68903 1143.02 0.871696 304.313
8131 -1.68139 1133.1 0.868188 302.121
8141 -1.77399 1263.34 0.929171 345.903
8151 -1.83481 1347.63 0.948463 359.947
8161 -1.78402 1274.2 0.932167 347.649
8171 -1.81776 1322.7 0.945126 357.374
8181 -1.80843 1308.71 0.941658 354.727
8191 -1.7226 1188.69 0.896477 321.881
8201 -1.78796 1279.35 0.934048 349.047
8211 -1.66049 1105.7 0.848445 289.076
8221 -1.7079 1169.95 0.876501 308.314
8231 -1.71898 1183.78 0.911097 332.31
8241 -1.69716 1155.13 0.88353 313.385
8251 -1.73328 1204.74 0.912861 333.764
8261 -1.635 1073.62 0.852714 292.063
8271 -1.70113 1159.93 0.889165 316.544
8281 -1.73873 1211.44 0.915465 335.628
8291 -1.76512 1249.33 0.92091 339.905
8301 -1.71337 1176.41 0.904569 327.72
8311 -1.76707 1250.49 0.92297 340.909
8321 -1.75623 1235.9 0.914945 335.379
8331 -1.7276 1195.2 0.907456 329.556
8341 -1.71865 1183.03 0.902697 326.258
8351 -1.74072 1215.44 0.914321 334.913
8361 -1.6377 1074.47 0.846948 287.572
8371 -1.80087 1298.6 0.937237 351.594
8381 -1.79886 1295.15 0.936015 350.559
8391 -1.80388 1302.17 0.938838 352.631
8401 -1.74283 1216.35 0.912827 333.481
8411 -1.7428 1216.35 0.91449 334.711
8421 -1.7036 1162.87 0.897092 322.327
8431 -1.78612 1277.98 0.93411 349.258
8441 -1.71976 1184.94 0.900839 325.05
8451 -1.79252 1286.06 0.936909 351.19
8461 -1.7453 1219.32 0.913778 334.181
8471 -1.77057 1256.35 0.92709 344.142
8481 -1.8287 1338.67 0.948217 359.729
8491 -1.7453 1220.7 0.90629 329.04
8501 -1.75534 1233.69 0.910264 331.669
8511 -1.70458 1164.8 0.887819 315.754
8521 -1.80221 1300.58 0.938163 352.218
8531 -1.75 1227.1 0.919576 338.529
8541 -1.66721 1114.83 0.870698 304.105
8551 -1.72901 1197.59 0.914126 334.452
8561 -1.75898 1238.51 0.921817 340.054
8571 -1.7524 1229.29 0.918797 337.819
8581 -1.76239 1244.47 0.926588 343.643
8591 -1.75561 1233.9 0.925939 343.031
8601 -1.75107 1228.31 0.922697 340.774
8611 -1.66752 1115.14 0.842692 285.241
8621 -1.81062 1313.31 0.940156 353.81
8631 -1.78339 1273.17 0.930268 346.298
8641 -1.72564 1192.58 0.894226 320.247
8651 -1.69213 1146.51 0.867771 301.604
8661 -1.67526 1123.39 0.872846 305.022
8671 -1.76582 1249.39 0.927099 344.08
8681 -1.738 1209.66 0.910848 332.031
8691 -1.77285 1258.67 0.929986 346.173
8701 -1.74025 1213.73 0.913034 333.749
8711 -1.68882 1142.26 0.897113 322.127
8721 -1.69831 1155.96 0.900849 324.91
8731 -1.7884 1280.79 0.932351 347.883
8741 -1.81951 1325.82 0.946107 358.201
8751 -1.69816 1154.51 0.88133 311.057
8761 -1.77318 1259.46 0.931244 347.088
8771 -1.70055 1158.18 0.903236 326.565
8781 -1.77205 1257.1 0.92539 342.697
8791 -1.77757 1265.94 0.93143 347.284
8801 -1.75946 1240.1 0.923423 341.374
8811 -1.7172 1181.74 0.913505 334.053
8821 -1.78032 1269.04 0.928718 345.208
8831 -1.72197 1188.07 0.900414 324.728
8841 -1.77913 1268.07 0.928575 345.152
8851 -1.76508 1248.3 0.925776 343.086
8861 -1.72028 1186.02 0.90317 326.508
8871 -1.74528 1219.65 0.919752 338.536
8881 -1.76246 1245.97 0.922256 340.644
8891 -1.73762 1209.69 0.913979 334.547
8901 -1.79699 1292.46 0.939507 353.158
8911 -1.78928 1281.4 0.932482 347.962
8921 -1.73751 1209.5 0.911475 332.559
8931 -1.72424 1190.37 0.902941 326.364
8941 -1.78497 1275.7 0.932897 348.33
8951 -1.85047 1370.73 0.955487 365.313
8961 -1.76899 1252.87 0.918599 337.811
8971 -1.65947 1103.06 0.854584 292.457
8981 -1.80819 1308.98 0.942088 355.108
8991 -1.75047 1228.08 0.920729 339.396
9001 -1.79164 1285.42 0.93794 352.049
9011 -1.81 1312.91 0.941055 354.546
9021 -1.71463 1177.36 0.907418 329.544
9031 -1.73341 1203.23 0.916402 336.052
9041 -1.75356 1232.99 0.920345 339.256
9051 -1.71727 1181.59 0.906967 329.259
9061 -1.74078 1215.79 0.911955 333.299
9071 -1.72836 1196.3 0.892164 318.602
9081 -1.67156 1120.16 0.877087 308.242
9091 -1.75469 1233.92 0.919308 338.392
9101 -1.77637 1263.75 0.924222 341.923
9111 -1.75826 1239.37 0.911214 332.663
9121 -1.74591 1220.83 0.921576 339.898
9131 -1.66452 1109.77 0.870394 303.389
9141 -1.61143 1043.89 0.791528 251.865
9151 -1.59039 1016.65 0.822576 272.499
9161 -1.56298 979.663 0.784365 247.345
9171 -1.52287 928.959 0.554597 123.732
9181 -1.67912 1131.5 0.853432 294.555
9191 -1.69076 1146.99 0.885831 314.702
9201 -1.72444 1191.25 0.899115 323.72
9211 -1.6465 1087.52 0.870537 303.578
9221 -1.70058 1158.19 0.878451 308.905
9231 -1.68782 1141.17 0.879263 309.498
9241 -1.70747 1170.04 0.906481 329.163
9251 -1.67562 1124.07 0.876122 307.307
9261 -1.80609 1306.5 0.938272 352.478
9271 -1.70705 1167.3 0.882076 312.364
9281 -1.74704 1225.77 0.902002 327.031
9291 -1.76062 1241.57 0.929322 345.613
9301 -1.78465 1275.26 0.932023 347.611
9311 -1.7591 1240.34 0.925537 342.993
9321 -1.72882 1197.64 0.907018 329.464
9331 -1.64917 1091.18 0.841571 284.564
9341 -1.79808 1294.88 0.940242 353.783
9351 -1.72238 1188.13 0.909945 331.431
9361 -1.76697 1250.7 0.913882 334.691
9371 -1.74518 1220.27 0.908709 330.605
9381 -1.77848 1266.45 0.934321 349.324
9391 -1.7851 1277.39 0.933689 349.038
9401 -1.77148 1256.99 0.920203 339.041
9411 -1.79942 1297.12 0.937306 351.729
9421 -1.76975 1254.77 0.927069 344.141
9431 -1.74777 1222.91 0.917985 337.279
9441 -1.6837 1135.32 0.868184 302.258
9451 -1.75046 1228.38 0.914843 335.24
9461 -1.78777 1279.31 0.933884 348.925
9471 -1.7613 1242.01 0.92546 342.725
9481 -1.732 1200.91 0.90883 330.641
9491 -1.76145 1244.63 0.905078 329
9501 -1.71773 1182.67 0.900009 324.555
9511 -1.70622 1166.95 0.902233 326.079
9521 -1.76591 1248.92 0.926719 343.692
9531 -1.79129 1284.38 0.937399 351.572
9541 -1.67938 1131.56 0.877258 308.614
9551 -1.7182 1183.4 0.900827 324.983
9561 -1.71813 1182.9 0.906548 329.078
9571 -1.74436 1218.99 0.91794 337.358
9581 -1.6965 1154.15 0.891397 318.465
9591 -1.78967 1282.58 0.929817 346.1
9601 -1.73406 1205.07 0.91466 334.97
9611 -1.74815 1223.54 0.922989 340.891
9621 -1.7016 1160.11 0.894162 320.172
9631 -1.77735 1265.29 0.930262 346.414
9641 -1.75546 1235.43 0.917189 337.062
9651 -1.76149 1242.5 0.92169 340.071
9661 -1.78672 1277.86 0.934414 349.37
9671 -1.70399 1162.84 0.896749 321.938
9681 -1.77128 1256.66 0.923755 341.622
9691 -1.74493 1219.72 0.914854 335.037
9701 -1.76074 1241.81 0.921003 339.55
9711 -1.76867 1252.08 0.928247 344.739
9721 -1.75988 1239.37 0.921876 339.99
9731 -1.71248 1174.02 0.901924 325.626
9741 -1.78691 1278.8 0.937123 351.454
9751 -1.7641 1247.41 0.921338 340.105
9761 -1.70843 1170.46 0.897731 322.78
9771 -1.77768 1266.51 0.930274 346.527
9781 -1.72349 1191.99 0.90849 330.643
9791 -1.71339 1176.28 0.880714 310.99
9801 -1.79428 1289.3 0.938113 352.234
9811 -1.75854 1242.38 0.922693 341.37
9821 -1.75935 1239.99 0.920757 339.418
9831 -1.80302 1301.53 0.939182 352.942
9841 -1.79442 1289.21 0.929883 346.136
9851 -1.71577 1180.11 0.896432 322.012
9861 -1.74594 1223.46 0.913913 334.876
9871 -1.7243 1192.67 0.909603 331.485
9881 -1.73942 1211.9 0.909862 331.486
9891 -1.80189 1301.94 0.941118 354.646
9901 -1.72047 1185.75 0.891873 318.568
9911 -1.7461 1220.72 0.910087 331.498
9921 -1.78074 1270.07 0.935435 350.149
9931 -1.75774 1237.12 0.916957 336.596
9941 -1.7271 1195.2 0.913032 333.671
9951 -1.81217 1314.51 0.94152 354.707
9961 -1.75145 1228.49 0.913134 333.78
9971 -1.73969 1212.05 0.912815 333.567
9981 -1.66874 1115.15 0.863767 299.141
9991 -1.76104 1244.98 0.923 341.552
