1 0 0 0.035 0.49
11 -0.0209091 0.185455 0.0386364 0.555455
21 -0.0633766 1.72121 0.0306494 0.389784
31 -0.0975283 3.76133 0.0508274 1.02193
41 -0.145793 8.5015 0.0578251 1.31761
51 -0.215016 18.5306 0.0357417 0.551914
61 -0.322377 41.1202 0.0461597 0.872654
71 -0.462569 85.8332 0.0827628 2.87905
81 -0.554476 121.544 0.131207 6.87789
91 -0.634884 159.907 0.164903 10.8131
101 -0.673217 179.609 0.153365 9.35409
111 -0.712642 201.384 0.121787 5.9613
121 -0.768865 234.839 0.0760065 2.39084
131 -0.879686 307.788 0.0690153 1.9394
141 -0.95404 361.67 0.0101703 0.0827617
151 -0.991815 391.033 0.0626832 1.84936
161 -0.959949 366.437 0.0488365 1.06217
171 -1.01076 407.168 0.0405488 0.722644
181 -1.08172 465.687 0.0132627 0.0928323
191 -1.16587 540.919 0.0138652 0.106507
201 -1.12137 500.939 0.0441735 0.824162
211 -1.04939 438.516 0.0693089 1.98883
221 -1.05303 441.965 0.0785942 2.48212
231 -1.0901 473.398 0.0737169 2.19637
241 -1.14286 520.606 0.0750984 2.3114
251 -1.24232 615.489 0.0500602 1.08172
261 -1.25725 630.079 0.0203259 0.21629
271 -1.27065 643.754 0.0139495 0.10589
281 -1.2547 627.712 0.01174 0.0687398
291 -1.22438 597.838 0.0196795 0.215735
301 -1.25001 623.054 0.0383876 0.634371
311 -1.19547 570.062 0.0374064 0.697442
321 -1.12921 508.626 0.0143066 0.147624
331 -1.19115 565.997 0.0273846 0.542198
341 -1.24819 622.15 0.0995085 4.05722
351 -1.31965 695.863 0.0696567 2.46159
361 -1.39789 779.67 0.0102345 0.0649628
371 -1.40625 789.001 0.018289 0.182682
381 -1.45968 850.283 0.0739719 2.38413
391 -1.46179 852.67 0.106967 4.66216
401 -1.47734 871.299 0.0802917 2.68345
411 -1.53603 941.627 0.0847452 2.984
421 -1.46781 859.871 0.0883842 3.23181
431 -1.49744 895.024 0.0811795 2.68504
441 -1.48099 875.662 0.107191 4.70727
451 -1.41874 803.66 0.114938 5.36857
461 -1.56371 976.315 0.131377 6.95958
471 -1.5436 951.192 0.160205 10.2702
481 -1.51246 913.267 0.142485 8.19667
491 -1.47707 871.266 0.189262 14.3391
501 -1.43848 826.298 0.198003 15.7265
511 -1.48465 880.437 0.223783 20.1153
521 -1.40462 787.988 0.254671 26.1412
531 -1.39694 779.934 0.25435 26.2718
541 -1.30835 685.179 0.24584 24.4552
551 -1.32947 706.229 0.0957184 4.38868
561 -1.25804 633.918 0.115313 6.33308
571 -1.29987 674.913 0.233538 22.0534
581 -1.38007 761.106 0.287476 33.1965
591 -1.31927 695.201 0.377838 57.1914
601 -1.37075 750.919 0.378183 57.3174
611 -1.41958 805.225 0.390758 61.0493
621 -1.39712 779.635 0.402827 64.992
631 -1.42274 808.934 0.476993 90.9611
641 -1.41848 803.723 0.453802 82.7126
651 -1.44683 836.481 0.391703 61.3922
661 -1.53381 940.087 0.425744 72.4898
671 -1.5422 950.119 0.444427 79.139
681 -1.54043 948.004 0.438986 77.0195
691 -1.527 931.548 0.464861 86.8679
701 -1.4737 868.428 0.514936 105.998
711 -1.42671 813.663 0.528031 111.754
721 -1.38138 762.846 0.535018 114.728
731 -1.53077 936.731 0.623639 155.553
741 -1.60702 1031.83 0.634249 160.833
751 -1.62832 1060.51 0.657516 172.796
761 -1.54808 958.201 0.657697 173.21
771 -1.65084 1089.52 0.736923 217.205
781 -1.67578 1121.99 0.784874 246.309
791 -1.64142 1076.79 0.77438 239.741
801 -1.63536 1069.06 0.785985 246.906
811 -1.70671 1164.22 0.78449 245.972
821 -1.68987 1141.08 0.818952 267.999
831 -1.57779 994.949 0.752123 226.064
841 -1.59541 1017.57 0.771346 237.748
851 -1.56972 985.384 0.768368 236.099
861 -1.65135 1089.66 0.826955 273.364
871 -1.57489 991.346 0.793757 251.846
881 -1.72829 1195.31 0.877694 308.312
891 -1.66515 1110.42 0.859257 295.348
901 -1.51147 913.049 0.776514 240.98
911 -1.57423 990.361 0.785221 246.448
921 -1.51714 919.997 0.819566 268.53
931 -1.60633 1032.37 0.87464 305.863
941 -1.76755 1249.56 0.927348 343.77
951 -1.74514 1218.74 0.926222 342.994
961 -1.67932 1127.12 0.907176 328.889
971 -1.65247 1091.82 0.885208 313.245
981 -1.73246 1200 0.907921 329.551
991 -1.64996 1088.2 0.882294 311.103
1001 -1.65484 1094.63 0.875457 306.349
1011 -1.58662 1006.46 0.844887 285.319
1021 -1.6521 1092.63 0.880411 310.198
1031 -1.80333 1299.98 0.94532 357.142
1041 -1.81825 1321.41 0.949001 359.923
1051 -1.84297 1358.26 0.955427 364.862
1061 -1.86585 1391.87 0.962225 370.048
1071 -1.79279 1284.57 0.936221 350.295
1081 -1.7127 1172.84 0.9015 324.924
1091 -1.71284 1173.01 0.905574 327.816
1101 -1.83872 1351.84 0.955927 365.248
1111 -1.81308 1314.09 0.945307 357.136
1121 -1.73767 1207.91 0.922623 340.264
1131 -1.74486 1216.98 0.923813 341.135
1141 -1.75152 1226.25 0.905354 327.77
1151 -1.76752 1249.27 0.934205 348.873
1161 -1.76682 1248.18 0.926769 343.334
1171 -1.81195 1313.68 0.942756 355.361
1181 -1.8483 1366.64 0.958504 367.26
1191 -1.78586 1276.13 0.935977 350.263
1201 -1.76241 1242.34 0.93028 345.942
1211 -1.72032 1183.89 0.903506 326.477
1221 -1.70916 1167.65 0.901281 324.694
1231 -1.75228 1227.66 0.918291 337.122
1241 -1.79049 1281.81 0.935301 349.658
1251 -1.78821 1278.38 0.932127 347.306
1261 -1.75537 1232.07 0.930715 346.272
1271 -1.70485 1164.12 0.911665 332.571
1281 -1.7977 1291.95 0.927292 343.76
1291 -1.71657 1179.47 0.907593 329.581
1301 -1.78859 1279.3 0.930917 346.469
1311 -1.82905 1337.69 0.947663 359.051
1321 -1.73219 1200.28 0.911694 332.393
1331 -1.71836 1181.62 0.907052 329.182
1341 -1.83421 1345.93 0.949748 360.736
1351 -1.83897 1352.83 0.954881 364.531
1361 -1.90577 1452.04 0.974684 379.754
1371 -1.89296 1432.64 0.968928 375.29
1381 -1.86713 1393.87 0.963518 371.113
1391 -1.71614 1177.54 0.895574 320.704
1401 -1.73058 1198.07 0.918741 337.519
1411 -1.72959 1196.28 0.914868 334.637
1421 -1.67788 1125.78 0.898068 322.468
1431 -1.72105 1184.41 0.897483 322.022
1441 -1.68111 1129.9 0.882448 311.435
1451 -1.74132 1212.78 0.923234 340.794
1461 -1.76898 1251.33 0.930765 346.346
1471 -1.73582 1205.63 0.902829 325.88
1481 -1.64939 1088.56 0.880306 309.958
1491 -1.59188 1013.66 0.833129 277.575
1501 -1.62408 1055.17 0.842291 283.667
1511 -1.66497 1108.83 0.838407 281.11
1521 -1.6932 1147.01 0.888789 315.857
1531 -1.80199 1298.25 0.939741 353.059
1541 -1.78245 1270.53 0.935733 350.051
1551 -1.79228 1284.22 0.942218 354.898
1561 -1.79948 1294.96 0.943221 355.698
1571 -1.85303 1372.83 0.958153 367.015
1581 -1.81426 1316.99 0.949556 360.539
1591 -1.73868 1208.83 0.920751 338.932
1601 -1.78775 1278.32 0.934338 349.077
1611 -1.71099 1170.96 0.90689 328.88
1621 -1.7709 1255.63 0.924751 342.063
1631 -1.72668 1192.72 0.884197 312.991
1641 -1.67878 1127.24 0.858199 294.544
1651 -1.74698 1220.94 0.923727 341.223
1661 -1.81925 1323.41 0.945996 357.79
1671 -1.71972 1182.95 0.911042 331.9
1681 -1.74989 1224.65 0.923698 341.189
1691 -1.86385 1389.62 0.962994 370.805
1701 -1.8166 1322.36 0.942342 355.373
1711 -1.77026 1254.41 0.926536 343.424
1721 -1.79436 1288.38 0.939001 352.6
1731 -1.77734 1264.18 0.930987 346.72
1741 -1.72308 1189.2 0.905696 328.38
1751 -1.76205 1243.25 0.917844 337.177
1761 -1.81467 1316.78 0.945092 357.12
1771 -1.82464 1333.09 0.941942 355.021
1781 -1.80905 1311.16 0.944077 356.59
1791 -1.70997 1170.17 0.91225 332.874
1801 -1.78418 1274.09 0.938605 352.295
1811 -1.78468 1275.87 0.936109 350.585
1821 -1.76878 1253.55 0.931302 347.105
1831 -1.67538 1122.84 0.896464 321.335
1841 -1.68331 1133.25 0.881114 310.572
1851 -1.80162 1298.16 0.941222 354.223
1861 -1.78713 1277.09 0.939506 352.925
1871 -1.83323 1344.62 0.954457 364.296
1881 -1.78026 1268.68 0.933144 348.312
1891 -1.73479 1205.1 0.922704 340.597
1901 -1.66331 1107 0.892219 318.375
1911 -1.73293 1201.5 0.913471 333.705
1921 -1.76388 1246.72 0.927009 343.857
1931 -1.72041 1183.72 0.896019 321.099
1941 -1.70794 1167.05 0.903501 326.477
1951 -1.8079 1307.84 0.943679 356.164
1961 -1.84164 1356.44 0.956736 365.99
1971 -1.83092 1342.62 0.950808 361.677
1981 -1.77489 1262.64 0.930702 346.719
1991 -1.80785 1307.03 0.947366 358.856
2001 -1.77622 1261.8 0.924012 341.395
2011 -1.8236 1330.23 0.944743 356.937
2021 -1.81692 1321.01 0.941393 354.473
2031 -1.80318 1300.52 0.941421 354.397
2041 -1.78482 1274.45 0.938937 352.545
2051 -1.68639 1137.74 0.895546 320.776
2061 -1.69035 1143.21 0.898756 323.015
2071 -1.70391 1161.4 0.880391 309.969
2081 -1.73796 1208.76 0.895327 320.874
2091 -1.76754 1250.73 0.920215 338.806
2101 -1.7812 1268.72 0.935188 349.691
2111 -1.79797 1293.51 0.940794 353.986
2121 -1.70631 1164.78 0.89183 318.082
2131 -1.86826 1396.93 0.959764 368.45
2141 -1.80719 1307.09 0.934748 349.567
2151 -1.72461 1190.07 0.896973 321.774
2161 -1.72724 1193.95 0.917062 336.412
2171 -1.7098 1169.86 0.901401 325.029
2181 -1.81153 1312.47 0.943951 356.303
2191 -1.77749 1263.75 0.932713 347.892
2201 -1.82004 1325.21 0.948584 359.838
2211 -1.6881 1143.17 0.899303 323.981
2221 -1.72602 1193.83 0.915738 335.685
2231 -1.74604 1219.58 0.914599 334.499
2241 -1.74001 1211.71 0.912414 333.051
2251 -1.815 1318.84 0.944546 356.818
2261 -1.71603 1178.33 0.902479 325.791
2271 -1.75778 1236.46 0.928583 344.881
2281 -1.784 1273.44 0.934699 349.422
2291 -1.79872 1293.98 0.934568 349.306
2301 -1.72539 1191.15 0.914715 334.663
2311 -1.8244 1334.36 0.942588 355.763
2321 -1.72371 1193 0.906242 329.127
2331 -1.81849 1323.91 0.940766 354.109
2341 -1.85667 1378.89 0.956989 366.232
2351 -1.86907 1397.84 0.960356 368.888
2361 -1.81394 1316.8 0.947046 358.703
2371 -1.83591 1348.32 0.954208 364.105
2381 -1.84163 1357.04 0.954517 364.4
2391 -1.76989 1253.81 0.927097 343.854
2401 -1.72765 1195.24 0.921352 339.599
2411 -1.7703 1253.89 0.927777 344.241
2421 -1.72885 1196.66 0.909952 331.293
2431 -1.76506 1246.93 0.921927 340.052
2441 -1.64779 1086.6 0.840927 283.031
2451 -1.72894 1196.76 0.913187 333.697
2461 -1.79329 1287.1 0.929786 345.805
2471 -1.77647 1263.19 0.934504 349.311
2481 -1.77005 1253.66 0.925997 342.993
2491 -1.86668 1394.59 0.961265 369.602
2501 -1.79199 1286.63 0.938661 352.606
2511 -1.77124 1255.95 0.93024 346.179
2521 -1.70061 1158.38 0.907953 329.821
2531 -1.69985 1156.34 0.903381 326.456
2541 -1.71357 1175.94 0.913913 334.138
2551 -1.66956 1117.82 0.896709 322.004
2561 -1.6407 1080.03 0.880048 310.209
2571 -1.79421 1288.49 0.938184 352.088
2581 -1.76181 1242.76 0.916867 336.507
2591 -1.71362 1174.62 0.864277 298.875
2601 -1.80361 1301.36 0.934831 349.576
2611 -1.73572 1205.11 0.909058 330.555
2621 -1.74759 1223.55 0.912258 333.248
2631 -1.87822 1411.49 0.966337 373.461
2641 -1.83538 1347.95 0.95434 364.254
2651 -1.76503 1247.09 0.92583 342.873
2661 -1.81817 1322.81 0.9469 358.601
2671 -1.80763 1307.67 0.942153 355.012
2681 -1.65207 1091.76 0.872123 304.315
2691 -1.74916 1224.18 0.92585 342.884
2701 -1.71694 1179.22 0.883704 312.502
2711 -1.75148 1227.57 0.915282 335.082
2721 -1.83456 1346.61 0.939721 353.16
2731 -1.67228 1119.52 0.888638 316.054
2741 -1.68046 1130.4 0.892035 318.409
2751 -1.7349 1204.52 0.919057 337.849
2761 -1.77985 1267.41 0.932848 348.052
2771 -1.84148 1357.06 0.953603 363.708
2781 -1.70644 1165.75 0.907402 329.496
2791 -1.78633 1277.04 0.935737 350.242
2801 -1.74867 1224.39 0.918219 337.269
2811 -1.73902 1210.19 0.902685 325.959
2821 -1.68985 1142.63 0.897637 322.291
2831 -1.74151 1213.86 0.919695 338.357
2841 -1.7594 1238.06 0.915568 335.3
2851 -1.72894 1195.56 0.912096 332.706
2861 -1.71563 1177.59 0.897488 322.169
2871 -1.66681 1113.45 0.872683 304.822
2881 -1.78323 1271.97 0.931216 346.826
2891 -1.79483 1289.76 0.940568 353.91
2901 -1.81129 1313.47 0.94641 358.286
2911 -1.83372 1345.29 0.953065 363.285
2921 -1.70498 1163.22 0.905408 327.908
2931 -1.78476 1276.84 0.936005 350.756
2941 -1.78395 1273.59 0.938214 352.061
2951 -1.81508 1318.4 0.945674 357.71
2961 -1.75973 1240.2 0.926633 343.541
2971 -1.79676 1291.8 0.933858 348.843
2981 -1.76076 1240.15 0.929282 345.36
2991 -1.75867 1237.52 0.930344 346.187
3001 -1.76585 1247.26 0.924858 342.095
3011 -1.72208 1186.7 0.916481 335.982
3021 -1.80826 1308.29 0.946245 358.127
3031 -1.79723 1295.98 0.93436 349.823
3041 -1.67004 1118.44 0.865477 300.087
3051 -1.8 1297.2 0.935231 350.011
3061 -1.82921 1339.77 0.951619 362.274
3071 -1.81057 1312.13 0.944543 356.895
3081 -1.75517 1232.77 0.912506 333.162
3091 -1.82343 1332.51 0.949469 360.762
3101 -1.82861 1338.38 0.947289 359.036
3111 -1.74805 1224.58 0.920435 339.137
3121 -1.67011 1117.61 0.886253 314.464
3131 -1.69688 1153.16 0.878978 309.423
3141 -1.80731 1307.35 0.942271 355.184
3151 -1.79234 1287.92 0.933758 349.089
3161 -1.73143 1201.67 0.904497 327.728
3171 -1.73219 1201.33 0.910232 331.519
3181 -1.82053 1326.6 0.944797 357.104
3191 -1.78239 1271.47 0.936136 350.571
3201 -1.78949 1281.59 0.93515 349.85
3211 -1.80592 1305.45 0.941984 354.947
3221 -1.83571 1348.09 0.949408 360.506
3231 -1.77822 1265.41 0.936225 350.62
3241 -1.71682 1182.09 0.893157 320.006
3251 -1.7263 1193.79 0.896973 322.546
3261 -1.81589 1319.69 0.943625 356.244
3271 -1.76949 1252.79 0.92407 341.543
3281 -1.70436 1162.9 0.874849 306.323
3291 -1.70971 1170.27 0.904268 327.152
3301 -1.67363 1121.02 0.877384 308.091
3311 -1.66355 1107.86 0.825357 272.55
3321 -1.77162 1256.57 0.922332 340.431
3331 -1.65958 1102.2 0.860798 296.475
3341 -1.75415 1232.15 0.916649 336.38
3351 -1.67504 1123.72 0.87513 306.755
3361 -1.75034 1226.51 0.922124 340.249
3371 -1.7919 1285.27 0.939443 353.043
3381 -1.78548 1276.47 0.930427 346.437
3391 -1.76019 1240.15 0.920255 338.9
3401 -1.74209 1215.82 0.919474 338.402
3411 -1.78281 1272.26 0.932911 348.154
3421 -1.81862 1323.15 0.944991 357.166
3431 -1.83285 1344.6 0.951902 362.467
3441 -1.79753 1293.45 0.935041 349.78
3451 -1.77664 1263.05 0.930807 346.59
3461 -1.80323 1302.3 0.93975 353.42
3471 -1.64315 1081.49 0.862018 297.75
3481 -1.73554 1206.71 0.917014 336.522
3491 -1.70996 1170.6 0.915023 334.939
3501 -1.69097 1144.03 0.894529 320.041
3511 -1.77365 1259.59 0.923137 340.995
3521 -1.69585 1154.29 0.887233 315.814
3531 -1.72866 1196.54 0.910869 332.039
3541 -1.60256 1030.42 0.858899 295.531
3551 -1.6815 1132.75 0.896613 321.86
3561 -1.70035 1159.86 0.898262 323.316
3571 -1.68721 1141.74 0.886727 314.729
3581 -1.74259 1217.15 0.90749 329.598
3591 -1.80935 1310.87 0.940292 353.745
3601 -1.77797 1264.67 0.926005 342.964
3611 -1.78019 1268.13 0.93077 346.589
3621 -1.80337 1300.91 0.939661 353.131
3631 -1.76094 1242.08 0.928729 345.161
3641 -1.78599 1276.62 0.93727 351.429
3651 -1.85212 1373.07 0.956506 366.013
3661 -1.84103 1356 0.953762 363.836
3671 -1.74204 1214.15 0.919681 338.308
3681 -1.76625 1248.52 0.929319 345.541
3691 -1.71776 1181.15 0.911298 332.295
3701 -1.79898 1294.99 0.932093 347.54
3711 -1.7253 1191.5 0.907303 329.33
3721 -1.7471 1222.53 0.922249 340.389
3731 -1.76439 1245.84 0.928876 345.137
3741 -1.78788 1278.78 0.93311 348.26
3751 -1.74633 1221.87 0.914618 334.818
3761 -1.79773 1293.61 0.940314 353.716
3771 -1.80157 1299.77 0.940244 353.77
3781 -1.77277 1257.36 0.917212 336.506
3791 -1.74268 1215.14 0.901289 325.026
3801 -1.72662 1195.5 0.912777 333.698
3811 -1.80643 1307.03 0.942627 355.53
3821 -1.76865 1253.22 0.922172 340.54
3831 -1.71085 1171.21 0.892008 318.295
3841 -1.73802 1209.92 0.912755 333.394
3851 -1.76283 1243.91 0.918637 337.783
3861 -1.76265 1244.28 0.924444 342.022
3871 -1.75257 1230.5 0.915647 335.596
3881 -1.76179 1242.93 0.91448 334.594
3891 -1.72663 1193.1 0.909395 330.884
3901 -1.7287 1196.07 0.908754 330.413
3911 -1.72471 1190.31 0.906636 328.905
3921 -1.68189 1132.99 0.875179 306.883
3931 -1.76615 1248.84 0.929138 345.398
3941 -1.70184 1159.58 0.899719 323.916
3951 -1.67803 1127.19 0.889391 316.536
3961 -1.81738 1322.03 0.944476 356.869
3971 -1.74753 1221.95 0.910201 331.39
3981 -1.59563 1019.87 0.819582 269.199
3991 -1.64998 1091.01 0.866264 300.618
4001 -1.6841 1135.52 0.881536 311.278
4011 -1.8683 1396.47 0.962328 370.397
4021 -1.80297 1301.63 0.93527 350.174
4031 -1.7942 1289.11 0.938323 352.229
4041 -1.80701 1307.75 0.938118 352.199
4051 -1.63578 1070.45 0.851772 290.346
4061 -1.71612 1181.07 0.907127 329.605
4071 -1.76535 1248.01 0.928621 345.078
4081 -1.70711 1167.43 0.888863 316.298
4091 -1.77753 1264.47 0.932352 347.824
4101 -1.81379 1316.16 0.943205 355.816
4111 -1.71188 1173.06 0.893703 319.535
4121 -1.69021 1143.99 0.896873 321.942
4131 -1.71449 1176.94 0.889135 316.628
4141 -1.743 1217.8 0.908779 331.088
4151 -1.79764 1292.99 0.938447 352.288
4161 -1.7559 1235.82 0.92528 342.644
4171 -1.79212 1286.23 0.938672 352.562
4181 -1.79658 1291.76 0.938366 352.239
4191 -1.74964 1227.82 0.919742 338.825
4201 -1.78924 1282.14 0.935164 349.976
4211 -1.75146 1228.02 0.902879 326.39
4221 -1.78474 1276.47 0.930453 346.557
4231 -1.62693 1060.33 0.874856 306.346
4241 -1.57772 999.441 0.785095 247.963
4251 -1.61559 1044.71 0.812356 264.08
4261 -1.65158 1091.72 0.821013 269.923
4271 -1.6837 1134.84 0.874812 306.22
4281 -1.71337 1176.34 0.906343 328.859
4291 -1.76893 1252.46 0.918064 337.294
4301 -1.77762 1266.45 0.936731 351.197
4311 -1.72691 1193.38 0.909528 330.919
4321 -1.74634 1221.4 0.911188 332.438
4331 -1.74334 1216.59 0.912538 333.115
4341 -1.75102 1231.1 0.912965 334.056
4351 -1.84763 1365.63 0.956961 366.265
4361 -1.76456 1247.3 0.923323 341.229
4371 -1.83291 1344.21 0.952094 362.586
4381 -1.8204 1325.87 0.946396 358.268
4391 -1.71684 1182.14 0.909857 331.426
4401 -1.76547 1248.57 0.924909 342.355
4411 -1.83391 1345.68 0.949149 360.337
4421 -1.76541 1247.23 0.928644 344.975
4431 -1.74965 1225.69 0.922215 340.294
4441 -1.77914 1266.76 0.931167 346.894
4451 -1.70076 1158.2 0.869737 302.823
4461 -1.69493 1150.09 0.88407 312.787
4471 -1.65415 1095.12 0.868132 301.559
4481 -1.74717 1223.17 0.910593 331.974
4491 -1.8159 1319.85 0.945301 357.464
4501 -1.73903 1211.51 0.911025 332.257
4511 -1.71872 1183.68 0.895285 321.206
4521 -1.70425 1162.33 0.886535 314.444
4531 -1.7415 1213.45 0.917787 336.988
4541 -1.75562 1234.29 0.919692 338.496
4551 -1.75948 1239.59 0.922638 340.577
4561 -1.72801 1196.93 0.916103 335.892
4571 -1.79907 1296.64 0.938215 352.331
4581 -1.81887 1323.81 0.945878 357.906
4591 -1.80714 1307.45 0.929139 345.458
4601 -1.79774 1293.71 0.932096 347.617
4611 -1.66044 1104.21 0.869353 302.776
4621 -1.74861 1224.47 0.909609 331.308
4631 -1.73762 1208.37 0.901666 325.43
4641 -1.82094 1328 0.948979 360.307
4651 -1.68556 1138.27 0.88502 313.593
4661 -1.77736 1264.82 0.923246 341.134
4671 -1.77111 1255.21 0.932524 347.839
4681 -1.73231 1201.42 0.907212 329.342
4691 -1.73563 1206.1 0.914982 335.001
4701 -1.67166 1119.45 0.881617 311.288
4711 -1.72654 1195.77 0.910959 332.283
4721 -1.80193 1299.13 0.937666 351.709
4731 -1.81147 1313.9 0.941224 354.52
4741 -1.7717 1255.87 0.926346 343.293
4751 -1.76776 1250.56 0.925814 342.888
4761 -1.64123 1078.14 0.853374 291.521
4771 -1.76224 1243.94 0.927514 344.259
4781 -1.76014 1240.5 0.927491 344.189
4791 -1.72164 1186.86 0.915674 335.491
4801 -1.77596 1262.31 0.925356 342.539
4811 -1.74926 1225.53 0.92152 339.861
4821 -1.80606 1305.29 0.94039 353.747
4831 -1.78516 1275.69 0.917241 336.986
4841 -1.66806 1114.76 0.856867 294.42
4851 -1.76656 1249.76 0.923174 341.124
4861 -1.75796 1239.88 0.925099 342.733
4871 -1.76089 1241.12 0.925177 342.449
4881 -1.77654 1264.39 0.928322 344.99
4891 -1.73222 1201.91 0.917418 336.866
4901 -1.71453 1177.76 0.896222 321.704
4911 -1.80484 1303.76 0.938812 352.637
4921 -1.72377 1189.73 0.908361 330.219
4931 -1.72291 1189.6 0.901117 325.148
4941 -1.793 1286.24 0.937435 351.503
4951 -1.78178 1270.74 0.929564 345.733
4961 -1.76583 1249.56 0.927089 344.089
4971 -1.77204 1256.86 0.930703 346.51
4981 -1.7904 1283.65 0.931036 346.942
4991 -1.7008 1160.22 0.898329 323.124
5001 -1.66155 1106.41 0.883069 312.238
5011 -1.69509 1150.09 0.888836 316.226
5021 -1.78475 1275.32 0.935177 349.91
5031 -1.7914 1284.77 0.93361 348.833
5041 -1.74658 1221.01 0.908631 330.28
5051 -1.75118 1228.67 0.922648 340.742
5061 -1.7523 1230.85 0.922442 340.625
5071 -1.83665 1350.21 0.951964 362.564
5081 -1.75405 1230.95 0.916604 336.157
5091 -1.74524 1220.42 0.918864 338.043
5101 -1.77176 1256.45 0.928801 345.14
5111 -1.81062 1313.08 0.936858 351.413
5121 -1.75615 1235.89 0.918041 337.331
5131 -1.73788 1212.96 0.909684 331.889
5141 -1.77494 1260.85 0.928381 344.885
5151 -1.80536 1304.84 0.940187 353.638
5161 -1.62826 1065.5 0.85216 291.92
5171 -1.69318 1148.28 0.88323 312.386
5181 -1.7709 1255.72 0.929766 345.872
5191 -1.7327 1201.56 0.912241 332.948
5201 -1.71743 1181.04 0.912726 333.344
5211 -1.72536 1192.03 0.914811 334.882
5221 -1.77194 1257.59 0.929669 345.935
5231 -1.77197 1258.86 0.920963 339.755
5241 -1.71992 1184.17 0.896297 321.585
5251 -1.72202 1186.5 0.906011 328.347
5261 -1.77306 1258.63 0.931759 347.371
5271 -1.7457 1219.78 0.915735 335.578
5281 -1.74969 1227.62 0.924956 342.533
5291 -1.73228 1203.28 0.908996 330.861
5301 -1.75073 1227.54 0.91888 337.983
5311 -1.74511 1219.88 0.916548 336.248
5321 -1.7489 1225.24 0.916135 336.002
5331 -1.81775 1322.81 0.946804 358.654
5341 -1.82441 1331.73 0.949395 360.53
5351 -1.77617 1263.5 0.923618 341.592
5361 -1.82465 1333.43 0.949777 360.993
5371 -1.78981 1283.93 0.933141 348.664
5381 -1.73447 1206.01 0.911047 332.366
5391 -1.78468 1274.76 0.936771 351.044
5401 -1.82388 1331.33 0.947116 358.862
5411 -1.76558 1249.67 0.930637 346.643
5421 -1.79707 1292.44 0.940441 353.807
5431 -1.76506 1247.3 0.929068 345.323
5441 -1.75854 1237.32 0.92282 340.688
5451 -1.7818 1271.53 0.929734 345.994
5461 -1.7857 1276.22 0.936395 350.774
5471 -1.75703 1235.59 0.919273 338.144
5481 -1.78639 1277.21 0.936976 351.198
5491 -1.74178 1213.92 0.905902 328.318
5501 -1.7833 1273.43 0.926863 343.787
5511 -1.70464 1165.67 0.901083 325.257
5521 -1.78289 1272.17 0.934727 349.509
5531 -1.81502 1318.42 0.94388 356.427
5541 -1.82033 1326.54 0.947166 358.946
5551 -1.80149 1298.33 0.940598 353.864
5561 -1.6905 1144.4 0.893392 319.448
5571 -1.65785 1101.15 0.870592 303.439
5581 -1.73632 1208.32 0.914045 334.459
5591 -1.73384 1203.53 0.917296 336.642
5601 -1.70292 1161.83 0.895981 321.556
5611 -1.74206 1214.82 0.912666 333.321
5621 -1.7236 1189.43 0.908845 330.588
5631 -1.76924 1252.93 0.930779 346.601
5641 -1.8006 1298.21 0.934029 349.238
5651 -1.75411 1231.79 0.914185 334.553
5661 -1.68297 1134.46 0.890647 317.611
5671 -1.74354 1217.38 0.921099 339.52
5681 -1.832 1343.56 0.950324 361.344
5691 -1.75871 1239.89 0.922091 340.504
5701 -1.75598 1234.36 0.924412 341.884
5711 -1.81295 1316.61 0.942382 355.414
5721 -1.70894 1171.01 0.89672 322.112
5731 -1.74963 1226.92 0.913097 333.809
5741 -1.70852 1167.98 0.889551 316.65
5751 -1.74108 1214.54 0.918658 337.812
5761 -1.75133 1230.4 0.915408 336.026
5771 -1.78301 1273.13 0.936813 351.168
5781 -1.70877 1170.8 0.882688 313.012
5791 -1.65845 1102.69 0.859507 296.072
5801 -1.75552 1233.26 0.916842 336.257
5811 -1.80566 1305.36 0.942264 355.242
5821 -1.73506 1206.19 0.9081 330.296
5831 -1.62089 1052.31 0.852298 290.818
5841 -1.71603 1180.56 0.901139 325.287
5851 -1.77938 1267.67 0.930938 346.72
5861 -1.77137 1258.83 0.925372 343.13
5871 -1.83438 1346.68 0.953227 363.475
5881 -1.77498 1263.53 0.926001 343.473
5891 -1.71442 1177.14 0.897481 322.408
5901 -1.77241 1257.22 0.928155 344.649
5911 -1.73287 1202.92 0.90221 326.066
5921 -1.69019 1143.95 0.833332 278.602
5931 -1.74599 1220.99 0.906674 329.238
5941 -1.81411 1316.8 0.939015 352.787
5951 -1.76778 1252.04 0.922483 340.775
5961 -1.79882 1295.88 0.93996 353.566
5971 -1.72783 1194.8 0.912672 333.317
5981 -1.62336 1057.82 0.858997 296.18
5991 -1.7608 1241.43 0.923251 341.097
6001 -1.76349 1245.67 0.922195 340.432
6011 -1.73534 1206.29 0.91673 336.334
6021 -1.72898 1198.2 0.889405 316.71
6031 -1.74376 1218.16 0.92097 339.445
6041 -1.75492 1233.63 0.925968 343.129
6051 -1.82216 1328.93 0.947538 359.204
6061 -1.71698 1181.84 0.90291 326.636
6071 -1.79893 1296.08 0.933133 348.563
6081 -1.70963 1171.93 0.885549 314.507
6091 -1.72579 1192.21 0.906724 329.215
6101 -1.69147 1150.18 0.8775 309.663
6111 -1.75339 1232.97 0.922313 340.596
6121 -1.70907 1171.22 0.896201 321.94
6131 -1.74224 1216.53 0.915484 335.552
6141 -1.81382 1317.51 0.941225 354.543
6151 -1.71197 1173.65 0.897666 322.556
6161 -1.73091 1200.87 0.913925 334.455
6171 -1.79063 1283.17 0.936705 351.021
6181 -1.6779 1127.39 0.881857 311.461
6191 -1.60888 1038.59 0.83161 277.458
6201 -1.78753 1279.39 0.929503 345.782
6211 -1.80133 1299.13 0.94122 354.492
6221 -1.74261 1215.48 0.916965 336.375
6231 -1.68594 1141.47 0.886206 315.304
6241 -1.80494 1304.82 0.939504 353.259
6251 -1.79882 1295.1 0.937703 351.778
6261 -1.79381 1288.39 0.939473 353.135
6271 -1.76925 1253.78 0.928701 345.192
6281 -1.65893 1101.71 0.87585 307.137
6291 -1.76966 1254 0.929399 345.642
6301 -1.72999 1198.28 0.898162 323.046
6311 -1.76116 1243.25 0.923288 341.292
6321 -1.81116 1313.06 0.94153 354.676
6331 -1.68118 1133.51 0.892326 318.93
6341 -1.7786 1267.27 0.932246 347.858
6351 -1.73821 1209.54 0.915107 335.057
6361 -1.75501 1233.78 0.923883 341.58
6371 -1.80296 1303.14 0.937878 352.186
6381 -1.77416 1261.16 0.928831 345.343
6391 -1.79883 1295.42 0.939925 353.489
6401 -1.70162 1162.35 0.890715 318.317
6411 -1.73537 1206.67 0.905131 327.969
6421 -1.78864 1281.1 0.936752 351.109
6431 -1.80329 1301.31 0.941061 354.296
6441 -1.82153 1327.96 0.944258 356.719
6451 -1.75683 1235.55 0.924376 341.889
6461 -1.68162 1132.2 0.882151 311.414
6471 -1.7522 1229.26 0.922676 340.694
6481 -1.77885 1267.28 0.934923 349.771
6491 -1.75174 1230.13 0.916915 336.802
6501 -1.7211 1187.34 0.900919 325.387
6511 -1.75499 1232.89 0.915461 335.364
6521 -1.6965 1153.11 0.861924 297.889
6531 -1.68178 1134.24 0.879253 309.83
6541 -1.75331 1230.98 0.927806 344.424
6551 -1.75994 1241.86 0.925977 343.242
6561 -1.73729 1208.8 0.909724 331.364
6571 -1.76399 1250.1 0.921392 340.484
6581 -1.69209 1150.88 0.873595 307.004
6591 -1.74055 1212.59 0.885221 313.675
6601 -1.71987 1185.28 0.899534 324.054
6611 -1.72093 1186.06 0.906848 329.095
6621 -1.76293 1244.12 0.925286 342.542
6631 -1.76785 1250.94 0.921997 340.172
6641 -1.74419 1217.56 0.914554 334.648
6651 -1.7745 1260.58 0.930593 346.529
6661 -1.80579 1306.17 0.93952 353.344
6671 -1.71743 1180.49 0.900034 324.15
6681 -1.58293 1003.97 0.794262 253.654
6691 -1.7396 1212.59 0.891776 319.025
6701 -1.70477 1165.62 0.898635 323.624
6711 -1.65172 1094.21 0.873952 306.136
6721 -1.79187 1285.24 0.928247 344.837
6731 -1.73078 1200.43 0.917215 336.773
6741 -1.6888 1143.86 0.878995 309.796
6751 -1.76148 1243.53 0.922804 340.973
6761 -1.81811 1322.99 0.945641 357.775
6771 -1.78477 1276.27 0.925633 343.161
6781 -1.7341 1205.88 0.909518 331.398
6791 -1.66774 1116.92 0.869818 303.93
6801 -1.7503 1228.38 0.912648 333.764
6811 -1.67731 1128.71 0.863422 298.937
6821 -1.70204 1164.57 0.896539 322.692
6831 -1.78121 1270.03 0.929626 345.825
6841 -1.80413 1302.93 0.938727 352.577
6851 -1.77984 1268.17 0.929571 345.755
6861 -1.79014 1283.49 0.933541 348.821
6871 -1.67337 1121.22 0.872286 304.543
6881 -1.76177 1244 0.922086 340.421
6891 -1.75213 1230.35 0.918645 337.875
6901 -1.76131 1241.54 0.925901 342.976
6911 -1.82843 1337.93 0.948268 359.717
6921 -1.74101 1215.75 0.918227 337.693
6931 -1.77792 1266.59 0.932244 347.868
6941 -1.83722 1351.19 0.951764 362.428
6951 -1.82556 1334.88 0.946522 358.571
6961 -1.75613 1235.23 0.923807 341.582
6971 -1.79284 1286.5 0.926426 343.656
6981 -1.75079 1228.04 0.902378 326.239
6991 -1.8267 1335.69 0.94585 357.946
7001 -1.77441 1260.84 0.912569 333.58
7011 -1.77123 1256.73 0.920454 339.232
7021 -1.71127 1173.65 0.898455 323.259
7031 -1.7514 1227.74 0.925902 342.997
7041 -1.81192 1314.95 0.938351 352.401
7051 -1.74393 1217.72 0.910678 331.868
7061 -1.80046 1297.16 0.939431 353.046
7071 -1.80159 1301.07 0.938014 352.268
7081 -1.71512 1178.38 0.902968 326.388
7091 -1.72958 1197.41 0.907901 329.804
7101 -1.73106 1200.6 0.910251 331.721
7111 -1.71016 1172.75 0.894664 320.809
7121 -1.7882 1280.23 0.932408 347.906
7131 -1.7252 1194.22 0.908559 330.806
7141 -1.78666 1278.75 0.933927 349.182
7151 -1.66813 1114.43 0.869092 302.905
7161 -1.72528 1194.37 0.90721 330.042
7171 -1.83373 1345.96 0.951329 362.076
7181 -1.77237 1258.4 0.924156 341.915
7191 -1.77065 1255.27 0.927935 344.552
7201 -1.76585 1248.46 0.925364 342.625
7211 -1.77828 1265.72 0.933145 348.342
7221 -1.68 1130.75 0.883506 312.89
7231 -1.79142 1285.05 0.931798 347.464
7241 -1.80815 1308.64 0.941735 354.838
7251 -1.72013 1186.16 0.906521 329.051
7261 -1.75877 1241.36 0.912671 334.016
7271 -1.75389 1232.83 0.917831 337.338
7281 -1.75843 1238.71 0.923008 341.032
7291 -1.65098 1095.62 0.860685 297.525
7301 -1.68416 1136.54 0.869062 303.04
7311 -1.76682 1253.61 0.921398 340.664
7321 -1.71932 1184.17 0.898637 323.277
7331 -1.71847 1184.48 0.906318 329.086
7341 -1.7232 1188.57 0.91092 332.012
7351 -1.67828 1130.06 0.886226 314.91
7361 -1.64891 1089.87 0.857556 294.591
7371 -1.75423 1231.82 0.921898 340.095
7381 -1.75587 1236.07 0.922121 340.521
7391 -1.77096 1255.74 0.91591 335.977
7401 -1.8269 1338.28 0.944695 357.395
7411 -1.69881 1156.22 0.882052 311.948
7421 -1.76712 1250.6 0.925632 342.896
7431 -1.81766 1323.65 0.943217 356.138
7441 -1.74214 1215.54 0.912715 333.438
7451 -1.71513 1177.75 0.907694 329.741
7461 -1.73944 1211.47 0.916695 336.293
7471 -1.7424 1216.78 0.917675 337.215
7481 -1.74464 1219.56 0.903362 327.094
7491 -1.72459 1190.61 0.9075 329.606
7501 -1.77822 1266.37 0.928572 345.083
7511 -1.73291 1203.17 0.916078 335.954
7521 -1.76584 1249.25 0.927469 344.354
7531 -1.78818 1281.11 0.936053 350.698
7541 -1.72798 1196.48 0.903979 327.222
7551 -1.69513 1151.13 0.892213 318.784
7561 -1.79002 1282.16 0.934521 349.367
7571 -1.75043 1228.71 0.905356 328.488
7581 -1.73848 1210.45 0.909492 331.137
7591 -1.67211 1119.77 0.860805 296.767
7601 -1.74906 1226.26 0.914269 334.96
7611 -1.82404 1331.99 0.944541 357.02
7621 -1.84214 1357.95 0.952529 362.98
7631 -1.66278 1109.17 0.880205 310.51
7641 -1.75324 1231.4 0.914832 335.007
7651 -1.80695 1307.79 0.94163 354.826
7661 -1.80891 1310.05 0.94354 356.188
7671 -1.71517 1178.04 0.90342 326.753
7681 -1.76958 1256.16 0.919663 338.841
7691 -1.75528 1236.32 0.911885 333.364
7701 -1.71654 1180.92 0.896508 321.856
7711 -1.67824 1127.79 0.886654 314.656
7721 -1.75888 1238.41 0.92371 341.443
7731 -1.76507 1247.05 0.925941 343.045
7741 -1.6841 1137.3 0.857243 295.349
7751 -1.68795 1145.93 0.849746 292.19
7761 -1.8205 1326.97 0.9476 359.305
7771 -1.77662 1263.86 0.92548 342.829
7781 -1.72208 1187.4 0.911136 332.227
7791 -1.73088 1199.58 0.90312 326.516
7801 -1.75242 1230.65 0.923887 341.675
7811 -1.78338 1273.97 0.932943 348.35
7821 -1.76065 1241.34 0.914932 335.149
7831 -1.7873 1278.62 0.931284 347.058
7841 -1.76422 1245.84 0.92185 340.01
7851 -1.79739 1294.24 0.934529 349.591
7861 -1.70004 1162.72 0.888837 317.709
7871 -1.65374 1095.43 0.830798 276.754
7881 -1.69435 1149.9 0.890765 317.668
7891 -1.62389 1055.72 0.847104 287.248
7901 -1.65483 1097.66 0.847676 288.708
7911 -1.79082 1284.09 0.935874 350.469
7921 -1.70493 1164.84 0.895838 321.495
7931 -1.82758 1337.56 0.950912 361.835
7941 -1.70993 1172.97 0.900008 324.65
7951 -1.7027 1161.85 0.898608 323.501
7961 -1.75826 1238.69 0.92499 342.5
7971 -1.76564 1249.11 0.92384 341.695
7981 -1.74373 1217.81 0.91812 337.398
7991 -1.70982 1171.2 0.89069 317.796
8001 -1.73549 1205.91 0.912194 332.935
8011 -1.77456 1260.83 0.931203 346.972
8021 -1.79161 1285.56 0.932019 347.877
8031 -1.7407 1213.2 0.905943 328.604
8041 -1.76091 1241.59 0.9217 339.99
8051 -1.78242 1272.65 0.929229 345.68
8061 -1.7608 1241.13 0.921394 339.724
8071 -1.74908 1226.66 0.922976 341.111
8081 -1.73416 1207.24 0.916377 336.401
8091 -1.73301 1204.91 0.911359 332.683
8101 -1.79066 1284.34 0.9364 350.91
8111 -1.74413 1218.25 0.911801 332.701
8121 -1.7639 1246 0.923548 341.367
8131 -1.70351 1162.81 0.901246 325.273
8141 -1.79371 1288.01 0.937923 351.972
8151 -1.76096 1241.79 0.930713 346.617
8161 -1.74941 1225.89 0.922739 340.728
8171 -1.8268 1336.35 0.949631 360.851
8181 -1.76334 1246.07 0.924334 342.019
8191 -1.70213 1161.95 0.872614 305.608
8201 -1.68866 1141.58 0.879622 309.774
8211 -1.69298 1148.86 0.888504 316.294
8221 -1.68206 1132.92 0.885437 313.739
8231 -1.65832 1104.04 0.847359 288.855
8241 -1.80669 1307.12 0.940452 353.933
8251 -1.78005 1270.07 0.930814 346.855
8261 -1.74905 1226.07 0.907389 329.821
8271 -1.69414 1154.16 0.882997 313.449
8281 -1.65644 1099.66 0.852912 291.492
8291 -1.6371 1073.6 0.855034 292.555
8301 -1.75288 1230.37 0.91634 336.027
8311 -1.68356 1135.2 0.894555 320.291
8321 -1.75434 1232.71 0.922051 340.258
8331 -1.77015 1255.67 0.927598 344.5
8341 -1.73358 1204.29 0.915606 335.629
8351 -1.80358 1302.26 0.936297 350.845
8361 -1.80018 1297.69 0.93829 352.354
8371 -1.6797 1131.27 0.880809 310.93
8381 -1.74832 1224.7 0.918777 337.967
8391 -1.8232 1330.47 0.949099 360.369
8401 -1.7327 1201.97 0.911583 332.542
8411 -1.69227 1148.32 0.869865 303.479
8421 -1.77757 1265.13 0.93254 348
8431 -1.68644 1139.54 0.892409 319.143
8441 -1.79518 1289.99 0.937717 351.821
8451 -1.71193 1173.02 0.886914 315.08
8461 -1.78187 1273.22 0.930426 346.736
8471 -1.76575 1248.04 0.924273 341.818
8481 -1.69098 1146.14 0.891793 318.595
8491 -1.75511 1234.07 0.919605 338.477
8501 -1.67144 1122.74 0.873229 306.57
8511 -1.74448 1220.79 0.910436 332.437
8521 -1.73335 1202.68 0.908411 330.218
8531 -1.80709 1309.7 0.936677 351.519
8541 -1.76569 1248.16 0.923978 341.616
8551 -1.79949 1295.91 0.938128 352.104
8561 -1.69226 1146.77 0.867546 301.86
8571 -1.73777 1209.06 0.91304 333.649
8581 -1.77102 1257.3 0.925539 343.109
8591 -1.76707 1251.05 0.926944 343.901
8601 -1.71153 1172.26 0.894429 320.176
8611 -1.7749 1261.67 0.927628 344.392
8621 -1.74267 1216.69 0.91239 333.357
8631 -1.70002 1157.59 0.894222 320.327
8641 -1.7418 1214.24 0.915897 335.733
8651 -1.74854 1224.12 0.918545 337.664
8661 -1.68431 1135.57 0.891923 318.294
8671 -1.75659 1235.95 0.91829 337.754
8681 -1.76869 1253.54 0.919092 338.329
8691 -1.78147 1272.04 0.924632 342.391
8701 -1.70038 1162.17 0.889711 318.13
8711 -1.63841 1077.34 0.858405 295.722
8721 -1.72085 1186.11 0.911418 332.481
8731 -1.70205 1160.66 0.878358 309.138
8741 -1.7722 1261.33 0.915921 337.244
8751 -1.59265 1018.15 0.800981 257.782
8761 -1.78933 1282.7 0.936412 350.977
8771 -1.78893 1282.34 0.929273 345.801
8781 -1.70803 1168.84 0.899302 323.699
8791 -1.73309 1203.07 0.903351 326.715
8801 -1.69986 1157.32 0.90201 325.635
8811 -1.68829 1143.76 0.894538 320.642
8821 -1.80543 1305.3 0.940648 354.048
8831 -1.80399 1303 0.936435 350.989
8841 -1.70208 1161.77 0.890751 317.888
8851 -1.76803 1252.38 0.926215 343.494
8861 -1.72037 1187.1 0.901392 325.537
8871 -1.78779 1279.99 0.935165 349.975
8881 -1.7536 1231.52 0.91661 336.296
8891 -1.76804 1252.49 0.92882 345.306
8901 -1.79518 1290.51 0.932345 347.965
8911 -1.79998 1296.95 0.939212 352.942
8921 -1.82939 1339.36 0.948353 359.819
8931 -1.77028 1255.48 0.92777 344.546
8941 -1.68645 1142.3 0.843843 289.534
8951 -1.59107 1015.55 0.72246 211.015
8961 -1.66492 1110.89 0.849683 289.778
8971 -1.74457 1218.45 0.921211 339.602
8981 -1.73463 1205.29 0.908898 330.912
8991 -1.71743 1181.58 0.901404 325.326
9001 -1.80617 1308.25 0.943394 356.323
9011 -1.75563 1236.03 0.92136 339.955
9021 -1.7325 1201.75 0.895042 320.893
9031 -1.81235 1314.86 0.943162 355.923
9041 -1.75653 1236.97 0.92415 341.952
9051 -1.72572 1192.93 0.889412 316.975
9061 -1.73535 1205.8 0.917049 336.532
9071 -1.79301 1287.36 0.93619 350.712
9081 -1.80089 1298.93 0.93958 353.359
9091 -1.75279 1231.29 0.915707 335.777
9101 -1.73867 1211.96 0.916441 336.383
9111 -1.73449 1204.18 0.914427 334.605
9121 -1.72616 1192.92 0.909137 330.754
9131 -1.77046 1256.29 0.926557 343.809
9141 -1.77126 1256.37 0.908205 330.419
9151 -1.81366 1316.9 0.945247 357.519
9161 -1.61362 1047.6 0.799917 259.701
9171 -1.66333 1109.22 0.870804 304.133
9181 -1.7583 1239.11 0.914947 335.343
9191 -1.77698 1264.63 0.931307 347.102
9201 -1.78421 1275.56 0.929847 346.219
9211 -1.78691 1279.64 0.927756 344.751
9221 -1.79741 1293.65 0.93656 351.03
9231 -1.72122 1186.09 0.905028 327.838
9241 -1.72476 1191.01 0.909867 331.326
9251 -1.75255 1230.27 0.918977 338.054
9261 -1.76668 1251.44 0.922151 340.719
9271 -1.7593 1240.82 0.918283 337.807
9281 -1.69094 1146.68 0.876526 307.726
9291 -1.78454 1275.84 0.927149 344.113
9301 -1.82622 1334.93 0.95017 361.192
9311 -1.79485 1289.8 0.936782 351.164
9321 -1.76503 1246.68 0.921936 340.048
9331 -1.78305 1272.63 0.93353 348.685
9341 -1.78407 1274.95 0.931815 347.609
9351 -1.69842 1156.61 0.89557 321.288
9361 -1.64427 1083.34 0.869246 302.625
9371 -1.71778 1182.95 0.907501 329.771
9381 -1.72404 1190.34 0.888522 316.451
9391 -1.73791 1210.24 0.905796 328.563
9401 -1.78503 1275.35 0.933247 348.473
9411 -1.73847 1214.19 0.904812 328.269
9421 -1.76383 1246.86 0.920978 339.653
9431 -1.7933 1287.74 0.93421 349.247
9441 -1.70094 1161.59 0.85304 293.331
9451 -1.64093 1081.66 0.815546 268.855
9461 -1.77353 1259.5 0.928901 345.245
9471 -1.65031 1091.31 0.862534 297.969
9481 -1.75402 1232.96 0.918178 337.659
9491 -1.77285 1258.22 0.926795 343.715
9501 -1.71785 1185.16 0.901987 326.201
9511 -1.78463 1275.73 0.931586 347.361
9521 -1.69776 1153.99 0.89712 322.125
9531 -1.76676 1250.41 0.927707 344.505
9541 -1.77091 1256.7 0.92921 345.628
9551 -1.7988 1295.97 0.938683 352.59
9561 -1.69674 1155.44 0.894638 320.717
9571 -1.74746 1225.21 0.918584 338.105
9581 -1.76824 1251.65 0.929826 345.929
9591 -1.77936 1268.65 0.92629 343.596
9601 -1.78855 1282.11 0.935459 350.289
9611 -1.81326 1316.4 0.941827 354.918
9621 -1.79197 1286.35 0.937708 351.902
9631 -1.79576 1290.9 0.936629 351.065
9641 -1.82236 1329.74 0.94722 359.02
9651 -1.79023 1284.44 0.933979 349.275
9661 -1.73879 1211.03 0.912945 333.591
9671 -1.74758 1224.04 0.917565 337.088
9681 -1.76368 1246.3 0.923838 341.697
9691 -1.78615 1277.84 0.933526 348.83
9701 -1.69821 1155.25 0.884846 313.473
9711 -1.72037 1185.81 0.90206 325.941
9721 -1.71806 1181.93 0.902519 325.991
9731 -1.74788 1223.22 0.913582 334.173
9741 -1.71235 1175.17 0.898635 323.537
9751 -1.79173 1287.13 0.933086 348.672
9761 -1.78715 1279.4 0.92942 345.809
9771 -1.74321 1217.29 0.913685 334.205
9781 -1.75658 1236.05 0.927661 344.388
9791 -1.70154 1160.75 0.896495 322.075
9801 -1.74316 1216.95 0.916158 336.137
9811 -1.78594 1277.21 0.932696 348.145
9821 -1.74862 1225.93 0.913468 334.347
9831 -1.78005 1269.46 0.925092 342.539
9841 -1.70657 1167.55 0.899786 324.319
9851 -1.73383 1204.36 0.914008 334.398
9861 -1.78661 1279.7 0.925855 343.44
9871 -1.77471 1261.17 0.928532 345.038
9881 -1.7077 1169.22 0.88081 311.35
9891 -1.7016 1159.34 0.883347 312.484
9901 -1.69741 1154.37 0.884561 313.459
9911 -1.64381 1083.97 0.845808 286.978
9921 -1.76584 1249.31 0.927008 343.985
9931 -1.767 1250.47 0.923504 341.365
9941 -1.79684 1293 0.938272 352.301
9951 -1.72959 1198.76 0.904441 327.527
9961 -1.73857 1210.38 0.911823 332.856
9971 -1.75292 1232.35 0.91345 334.403
9981 -1.72409 1190.72 0.911456 332.573
9991 -1.66723 1112.42 0.862189 297.732
