Substitution took 1e-05 seconds to execute in the general case with n = 100.
100
0 0.0951445
0.010101 0.180086
0.020202 0.255805
0.030303 0.323187
0.040404 0.383033
0.0505051 0.436067
0.0606061 0.482945
0.0707071 0.524256
0.0808081 0.560537
0.0909091 0.59227
0.10101 0.619892
0.111111 0.643798
0.121212 0.664346
0.131313 0.681857
0.141414 0.696625
0.151515 0.708911
0.161616 0.718955
0.171717 0.726973
0.181818 0.733158
0.191919 0.737686
0.20202 0.740718
0.212121 0.742397
0.222222 0.742852
0.232323 0.742202
0.242424 0.740552
0.252525 0.737999
0.262626 0.734629
0.272727 0.730521
0.282828 0.725746
0.292929 0.720368
0.30303 0.714444
0.313131 0.708028
0.323232 0.701166
0.333333 0.693901
0.343434 0.686273
0.353535 0.678315
0.363636 0.67006
0.373737 0.661536
0.383838 0.65277
0.393939 0.643783
0.40404 0.634598
0.414141 0.625234
0.424242 0.615707
0.434343 0.606034
0.444444 0.596228
0.454545 0.586302
0.464646 0.576268
0.474747 0.566136
0.484848 0.555916
0.494949 0.545616
0.505051 0.535243
0.515152 0.524805
0.525253 0.514308
0.535354 0.503757
0.545455 0.493158
0.555556 0.482516
0.565657 0.471834
0.575758 0.461116
0.585859 0.450366
0.59596 0.439588
0.606061 0.428782
0.616162 0.417953
0.626263 0.407103
0.636364 0.396233
0.646465 0.385345
0.656566 0.374441
0.666667 0.363524
0.676768 0.352593
0.686869 0.34165
0.69697 0.330697
0.707071 0.319734
0.717172 0.308763
0.727273 0.297783
0.737374 0.286797
0.747475 0.275804
0.757576 0.264806
0.767677 0.253802
0.777778 0.242793
0.787879 0.23178
0.79798 0.220764
0.808081 0.209744
0.818182 0.19872
0.828283 0.187694
0.838384 0.176665
0.848485 0.165634
0.858586 0.154601
0.868687 0.143566
0.878788 0.132529
0.888889 0.121491
0.89899 0.110451
0.909091 0.09941
0.919192 0.0883678
0.929293 0.0773245
0.939394 0.0662803
0.949495 0.0552353
0.959596 0.0441895
0.969697 0.033143
0.979798 0.0220959
0.989899 0.0110482
1 0
