Substitution took 4.7e-05 seconds to execute in the general case with n = 1000.
1000
0 0.00905019
0.001001 0.0180002
0.002002 0.026851
0.003003 0.0356035
0.004004 0.0442589
0.00500501 0.0528179
0.00600601 0.0612817
0.00700701 0.0696511
0.00800801 0.0779271
0.00900901 0.0861106
0.01001 0.0942025
0.011011 0.102204
0.012012 0.110115
0.013013 0.117938
0.014014 0.125673
0.015015 0.13332
0.016016 0.140882
0.017017 0.148358
0.018018 0.155749
0.019019 0.163057
0.02002 0.170282
0.021021 0.177425
0.022022 0.184486
0.023023 0.191468
0.024024 0.198369
0.025025 0.205192
0.026026 0.211937
0.027027 0.218605
0.028028 0.225196
0.029029 0.231712
0.03003 0.238152
0.031031 0.244518
0.032032 0.250811
0.033033 0.257031
0.034034 0.263179
0.035035 0.269256
0.036036 0.275262
0.037037 0.281199
0.038038 0.287066
0.039039 0.292865
0.04004 0.298595
0.041041 0.304259
0.042042 0.309856
0.043043 0.315388
0.044044 0.320854
0.045045 0.326256
0.046046 0.331594
0.047047 0.336868
0.048048 0.342081
0.049049 0.347231
0.0500501 0.352319
0.0510511 0.357347
0.0520521 0.362315
0.0530531 0.367224
0.0540541 0.372073
0.0550551 0.376864
0.0560561 0.381597
0.0570571 0.386273
0.0580581 0.390893
0.0590591 0.395456
0.0600601 0.399964
0.0610611 0.404417
0.0620621 0.408815
0.0630631 0.41316
0.0640641 0.417451
0.0650651 0.42169
0.0660661 0.425876
0.0670671 0.43001
0.0680681 0.434093
0.0690691 0.438126
0.0700701 0.442108
0.0710711 0.446041
0.0720721 0.449924
0.0730731 0.453758
0.0740741 0.457545
0.0750751 0.461283
0.0760761 0.464974
0.0770771 0.468619
0.0780781 0.472217
0.0790791 0.475769
0.0800801 0.479276
0.0810811 0.482738
0.0820821 0.486155
0.0830831 0.489528
0.0840841 0.492857
0.0850851 0.496143
0.0860861 0.499387
0.0870871 0.502588
0.0880881 0.505747
0.0890891 0.508865
0.0900901 0.511941
0.0910911 0.514977
0.0920921 0.517972
0.0930931 0.520928
0.0940941 0.523844
0.0950951 0.526721
0.0960961 0.529559
0.0970971 0.532359
0.0980981 0.535121
0.0990991 0.537846
0.1001 0.540533
0.101101 0.543183
0.102102 0.545797
0.103103 0.548375
0.104104 0.550917
0.105105 0.553424
0.106106 0.555896
0.107107 0.558333
0.108108 0.560735
0.109109 0.563104
0.11011 0.565439
0.111111 0.567741
0.112112 0.57001
0.113113 0.572246
0.114114 0.574449
0.115115 0.576621
0.116116 0.578761
0.117117 0.58087
0.118118 0.582948
0.119119 0.584995
0.12012 0.587011
0.121121 0.588997
0.122122 0.590954
0.123123 0.592881
0.124124 0.594778
0.125125 0.596647
0.126126 0.598487
0.127127 0.600299
0.128128 0.602082
0.129129 0.603838
0.13013 0.605566
0.131131 0.607267
0.132132 0.608941
0.133133 0.610588
0.134134 0.612208
0.135135 0.613803
0.136136 0.615371
0.137137 0.616914
0.138138 0.618432
0.139139 0.619924
0.14014 0.621391
0.141141 0.622834
0.142142 0.624252
0.143143 0.625646
0.144144 0.627016
0.145145 0.628363
0.146146 0.629686
0.147147 0.630985
0.148148 0.632262
0.149149 0.633516
0.15015 0.634747
0.151151 0.635956
0.152152 0.637143
0.153153 0.638308
0.154154 0.639452
0.155155 0.640574
0.156156 0.641674
0.157157 0.642754
0.158158 0.643813
0.159159 0.644851
0.16016 0.645869
0.161161 0.646867
0.162162 0.647844
0.163163 0.648802
0.164164 0.649741
0.165165 0.650659
0.166166 0.651559
0.167167 0.65244
0.168168 0.653301
0.169169 0.654145
0.17017 0.654969
0.171171 0.655776
0.172172 0.656564
0.173173 0.657335
0.174174 0.658087
0.175175 0.658822
0.176176 0.65954
0.177177 0.660241
0.178178 0.660924
0.179179 0.661591
0.18018 0.662241
0.181181 0.662874
0.182182 0.663491
0.183183 0.664092
0.184184 0.664677
0.185185 0.665246
0.186186 0.665799
0.187187 0.666336
0.188188 0.666859
0.189189 0.667366
0.19019 0.667857
0.191191 0.668334
0.192192 0.668796
0.193193 0.669244
0.194194 0.669677
0.195195 0.670095
0.196196 0.670499
0.197197 0.67089
0.198198 0.671266
0.199199 0.671628
0.2002 0.671977
0.201201 0.672312
0.202202 0.672634
0.203203 0.672943
0.204204 0.673238
0.205205 0.673521
0.206206 0.67379
0.207207 0.674047
0.208208 0.674291
0.209209 0.674523
0.21021 0.674742
0.211211 0.674949
0.212212 0.675144
0.213213 0.675327
0.214214 0.675498
0.215215 0.675658
0.216216 0.675805
0.217217 0.675942
0.218218 0.676066
0.219219 0.67618
0.22022 0.676282
0.221221 0.676373
0.222222 0.676453
0.223223 0.676523
0.224224 0.676581
0.225225 0.676629
0.226226 0.676667
0.227227 0.676694
0.228228 0.67671
0.229229 0.676717
0.23023 0.676713
0.231231 0.676699
0.232232 0.676676
0.233233 0.676642
0.234234 0.676599
0.235235 0.676546
0.236236 0.676484
0.237237 0.676412
0.238238 0.676331
0.239239 0.67624
0.24024 0.676141
0.241241 0.676032
0.242242 0.675915
0.243243 0.675788
0.244244 0.675653
0.245245 0.675509
0.246246 0.675356
0.247247 0.675195
0.248248 0.675025
0.249249 0.674847
0.25025 0.674661
0.251251 0.674467
0.252252 0.674264
0.253253 0.674053
0.254254 0.673835
0.255255 0.673608
0.256256 0.673374
0.257257 0.673132
0.258258 0.672882
0.259259 0.672625
0.26026 0.67236
0.261261 0.672088
0.262262 0.671809
0.263263 0.671522
0.264264 0.671228
0.265265 0.670927
0.266266 0.670618
0.267267 0.670303
0.268268 0.669981
0.269269 0.669652
0.27027 0.669317
0.271271 0.668974
0.272272 0.668625
0.273273 0.668269
0.274274 0.667907
0.275275 0.667538
0.276276 0.667163
0.277277 0.666782
0.278278 0.666394
0.279279 0.666001
0.28028 0.665601
0.281281 0.665195
0.282282 0.664783
0.283283 0.664365
0.284284 0.663941
0.285285 0.663511
0.286286 0.663075
0.287287 0.662634
0.288288 0.662187
0.289289 0.661735
0.29029 0.661277
0.291291 0.660813
0.292292 0.660344
0.293293 0.65987
0.294294 0.65939
0.295295 0.658905
0.296296 0.658415
0.297297 0.657919
0.298298 0.657419
0.299299 0.656913
0.3003 0.656403
0.301301 0.655887
0.302302 0.655366
0.303303 0.654841
0.304304 0.654311
0.305305 0.653776
0.306306 0.653236
0.307307 0.652692
0.308308 0.652142
0.309309 0.651589
0.31031 0.651031
0.311311 0.650468
0.312312 0.649901
0.313313 0.649329
0.314314 0.648753
0.315315 0.648173
0.316316 0.647588
0.317317 0.647
0.318318 0.646407
0.319319 0.64581
0.32032 0.645208
0.321321 0.644603
0.322322 0.643994
0.323323 0.64338
0.324324 0.642763
0.325325 0.642142
0.326326 0.641517
0.327327 0.640888
0.328328 0.640255
0.329329 0.639619
0.33033 0.638978
0.331331 0.638335
0.332332 0.637687
0.333333 0.637036
0.334334 0.636381
0.335335 0.635723
0.336336 0.635061
0.337337 0.634396
0.338338 0.633727
0.339339 0.633055
0.34034 0.63238
0.341341 0.631701
0.342342 0.631019
0.343343 0.630334
0.344344 0.629645
0.345345 0.628954
0.346346 0.628259
0.347347 0.627561
0.348348 0.62686
0.349349 0.626155
0.35035 0.625448
0.351351 0.624738
0.352352 0.624024
0.353353 0.623308
0.354354 0.622589
0.355355 0.621867
0.356356 0.621142
0.357357 0.620414
0.358358 0.619684
0.359359 0.61895
0.36036 0.618214
0.361361 0.617475
0.362362 0.616734
0.363363 0.61599
0.364364 0.615243
0.365365 0.614493
0.366366 0.613741
0.367367 0.612987
0.368368 0.612229
0.369369 0.61147
0.37037 0.610708
0.371371 0.609943
0.372372 0.609176
0.373373 0.608406
0.374374 0.607634
0.375375 0.60686
0.376376 0.606083
0.377377 0.605304
0.378378 0.604523
0.379379 0.60374
0.38038 0.602954
0.381381 0.602166
0.382382 0.601375
0.383383 0.600583
0.384384 0.599788
0.385385 0.598992
0.386386 0.598193
0.387387 0.597392
0.388388 0.596589
0.389389 0.595784
0.39039 0.594976
0.391391 0.594167
0.392392 0.593356
0.393393 0.592543
0.394394 0.591728
0.395395 0.590911
0.396396 0.590092
0.397397 0.589271
0.398398 0.588448
0.399399 0.587623
0.4004 0.586797
0.401401 0.585969
0.402402 0.585139
0.403403 0.584307
0.404404 0.583473
0.405405 0.582637
0.406406 0.5818
0.407407 0.580961
0.408408 0.580121
0.409409 0.579278
0.41041 0.578435
0.411411 0.577589
0.412412 0.576742
0.413413 0.575893
0.414414 0.575042
0.415415 0.57419
0.416416 0.573337
0.417417 0.572481
0.418418 0.571625
0.419419 0.570766
0.42042 0.569907
0.421421 0.569045
0.422422 0.568183
0.423423 0.567318
0.424424 0.566453
0.425425 0.565586
0.426426 0.564717
0.427427 0.563847
0.428428 0.562976
0.429429 0.562103
0.43043 0.561229
0.431431 0.560353
0.432432 0.559477
0.433433 0.558599
0.434434 0.557719
0.435435 0.556838
0.436436 0.555956
0.437437 0.555073
0.438438 0.554189
0.439439 0.553303
0.44044 0.552416
0.441441 0.551527
0.442442 0.550638
0.443443 0.549747
0.444444 0.548855
0.445445 0.547962
0.446446 0.547068
0.447447 0.546173
0.448448 0.545276
0.449449 0.544379
0.45045 0.54348
0.451451 0.54258
0.452452 0.541679
0.453453 0.540777
0.454454 0.539874
0.455455 0.53897
0.456456 0.538065
0.457457 0.537158
0.458458 0.536251
0.459459 0.535343
0.46046 0.534433
0.461461 0.533523
0.462462 0.532612
0.463463 0.531699
0.464464 0.530786
0.465465 0.529872
0.466466 0.528957
0.467467 0.52804
0.468468 0.527123
0.469469 0.526205
0.47047 0.525286
0.471471 0.524366
0.472472 0.523446
0.473473 0.522524
0.474474 0.521602
0.475475 0.520678
0.476476 0.519754
0.477477 0.518829
0.478478 0.517903
0.479479 0.516976
0.48048 0.516049
0.481481 0.51512
0.482482 0.514191
0.483483 0.513261
0.484484 0.51233
0.485485 0.511398
0.486486 0.510466
0.487487 0.509533
0.488488 0.508599
0.489489 0.507664
0.49049 0.506729
0.491491 0.505792
0.492492 0.504855
0.493493 0.503918
0.494494 0.502979
0.495495 0.50204
0.496496 0.501101
0.497497 0.50016
0.498498 0.499219
0.499499 0.498277
0.500501 0.497334
0.501502 0.496391
0.502503 0.495447
0.503504 0.494503
0.504505 0.493557
0.505506 0.492612
0.506507 0.491665
0.507508 0.490718
0.508509 0.48977
0.50951 0.488822
0.510511 0.487873
0.511512 0.486923
0.512513 0.485973
0.513514 0.485022
0.514515 0.484071
0.515516 0.483119
0.516517 0.482166
0.517518 0.481213
0.518519 0.48026
0.51952 0.479305
0.520521 0.478351
0.521522 0.477395
0.522523 0.476439
0.523524 0.475483
0.524525 0.474526
0.525526 0.473568
0.526527 0.47261
0.527528 0.471652
0.528529 0.470693
0.52953 0.469733
0.530531 0.468773
0.531532 0.467813
0.532533 0.466852
0.533534 0.46589
0.534535 0.464928
0.535536 0.463966
0.536537 0.463003
0.537538 0.462039
0.538539 0.461075
0.53954 0.460111
0.540541 0.459146
0.541542 0.458181
0.542543 0.457215
0.543544 0.456249
0.544545 0.455282
0.545546 0.454315
0.546547 0.453348
0.547548 0.45238
0.548549 0.451412
0.54955 0.450443
0.550551 0.449474
0.551552 0.448504
0.552553 0.447535
0.553554 0.446564
0.554555 0.445593
0.555556 0.444622
0.556557 0.443651
0.557558 0.442679
0.558559 0.441707
0.55956 0.440734
0.560561 0.439761
0.561562 0.438788
0.562563 0.437814
0.563564 0.43684
0.564565 0.435865
0.565566 0.434891
0.566567 0.433915
0.567568 0.43294
0.568569 0.431964
0.56957 0.430988
0.570571 0.430011
0.571572 0.429034
0.572573 0.428057
0.573574 0.42708
0.574575 0.426102
0.575576 0.425124
0.576577 0.424145
0.577578 0.423166
0.578579 0.422187
0.57958 0.421208
0.580581 0.420228
0.581582 0.419248
0.582583 0.418268
0.583584 0.417287
0.584585 0.416306
0.585586 0.415325
0.586587 0.414344
0.587588 0.413362
0.588589 0.41238
0.58959 0.411397
0.590591 0.410415
0.591592 0.409432
0.592593 0.408449
0.593594 0.407465
0.594595 0.406482
0.595596 0.405498
0.596597 0.404513
0.597598 0.403529
0.598599 0.402544
0.5996 0.401559
0.600601 0.400574
0.601602 0.399589
0.602603 0.398603
0.603604 0.397617
0.604605 0.396631
0.605606 0.395644
0.606607 0.394658
0.607608 0.393671
0.608609 0.392684
0.60961 0.391696
0.610611 0.390709
0.611612 0.389721
0.612613 0.388733
0.613614 0.387745
0.614615 0.386756
0.615616 0.385768
0.616617 0.384779
0.617618 0.38379
0.618619 0.3828
0.61962 0.381811
0.620621 0.380821
0.621622 0.379831
0.622623 0.378841
0.623624 0.377851
0.624625 0.37686
0.625626 0.375869
0.626627 0.374879
0.627628 0.373887
0.628629 0.372896
0.62963 0.371905
0.630631 0.370913
0.631632 0.369921
0.632633 0.368929
0.633634 0.367937
0.634635 0.366945
0.635636 0.365952
0.636637 0.364959
0.637638 0.363966
0.638639 0.362973
0.63964 0.36198
0.640641 0.360987
0.641642 0.359993
0.642643 0.358999
0.643644 0.358006
0.644645 0.357012
0.645646 0.356017
0.646647 0.355023
0.647648 0.354028
0.648649 0.353034
0.64965 0.352039
0.650651 0.351044
0.651652 0.350049
0.652653 0.349054
0.653654 0.348058
0.654655 0.347063
0.655656 0.346067
0.656657 0.345071
0.657658 0.344075
0.658659 0.343079
0.65966 0.342083
0.660661 0.341086
0.661662 0.34009
0.662663 0.339093
0.663664 0.338096
0.664665 0.337099
0.665666 0.336102
0.666667 0.335105
0.667668 0.334108
0.668669 0.33311
0.66967 0.332113
0.670671 0.331115
0.671672 0.330117
0.672673 0.329119
0.673674 0.328121
0.674675 0.327123
0.675676 0.326125
0.676677 0.325126
0.677678 0.324128
0.678679 0.323129
0.67968 0.32213
0.680681 0.321131
0.681682 0.320132
0.682683 0.319133
0.683684 0.318134
0.684685 0.317135
0.685686 0.316135
0.686687 0.315136
0.687688 0.314136
0.688689 0.313136
0.68969 0.312136
0.690691 0.311137
0.691692 0.310137
0.692693 0.309136
0.693694 0.308136
0.694695 0.307136
0.695696 0.306135
0.696697 0.305135
0.697698 0.304134
0.698699 0.303134
0.6997 0.302133
0.700701 0.301132
0.701702 0.300131
0.702703 0.29913
0.703704 0.298129
0.704705 0.297127
0.705706 0.296126
0.706707 0.295125
0.707708 0.294123
0.708709 0.293121
0.70971 0.29212
0.710711 0.291118
0.711712 0.290116
0.712713 0.289114
0.713714 0.288112
0.714715 0.28711
0.715716 0.286108
0.716717 0.285106
0.717718 0.284103
0.718719 0.283101
0.71972 0.282099
0.720721 0.281096
0.721722 0.280093
0.722723 0.279091
0.723724 0.278088
0.724725 0.277085
0.725726 0.276082
0.726727 0.275079
0.727728 0.274076
0.728729 0.273073
0.72973 0.27207
0.730731 0.271067
0.731732 0.270063
0.732733 0.26906
0.733734 0.268056
0.734735 0.267053
0.735736 0.266049
0.736737 0.265046
0.737738 0.264042
0.738739 0.263038
0.73974 0.262034
0.740741 0.26103
0.741742 0.260026
0.742743 0.259022
0.743744 0.258018
0.744745 0.257014
0.745746 0.25601
0.746747 0.255006
0.747748 0.254001
0.748749 0.252997
0.74975 0.251993
0.750751 0.250988
0.751752 0.249984
0.752753 0.248979
0.753754 0.247974
0.754755 0.24697
0.755756 0.245965
0.756757 0.24496
0.757758 0.243955
0.758759 0.24295
0.75976 0.241945
0.760761 0.24094
0.761762 0.239935
0.762763 0.23893
0.763764 0.237925
0.764765 0.23692
0.765766 0.235914
0.766767 0.234909
0.767768 0.233904
0.768769 0.232898
0.76977 0.231893
0.770771 0.230888
0.771772 0.229882
0.772773 0.228876
0.773774 0.227871
0.774775 0.226865
0.775776 0.225859
0.776777 0.224854
0.777778 0.223848
0.778779 0.222842
0.77978 0.221836
0.780781 0.22083
0.781782 0.219824
0.782783 0.218818
0.783784 0.217812
0.784785 0.216806
0.785786 0.2158
0.786787 0.214794
0.787788 0.213788
0.788789 0.212782
0.78979 0.211775
0.790791 0.210769
0.791792 0.209763
0.792793 0.208756
0.793794 0.20775
0.794795 0.206743
0.795796 0.205737
0.796797 0.20473
0.797798 0.203724
0.798799 0.202717
0.7998 0.201711
0.800801 0.200704
0.801802 0.199697
0.802803 0.19869
0.803804 0.197684
0.804805 0.196677
0.805806 0.19567
0.806807 0.194663
0.807808 0.193656
0.808809 0.192649
0.80981 0.191643
0.810811 0.190636
0.811812 0.189629
0.812813 0.188621
0.813814 0.187614
0.814815 0.186607
0.815816 0.1856
0.816817 0.184593
0.817818 0.183586
0.818819 0.182579
0.81982 0.181571
0.820821 0.180564
0.821822 0.179557
0.822823 0.17855
0.823824 0.177542
0.824825 0.176535
0.825826 0.175527
0.826827 0.17452
0.827828 0.173513
0.828829 0.172505
0.82983 0.171498
0.830831 0.17049
0.831832 0.169482
0.832833 0.168475
0.833834 0.167467
0.834835 0.16646
0.835836 0.165452
0.836837 0.164444
0.837838 0.163437
0.838839 0.162429
0.83984 0.161421
0.840841 0.160413
0.841842 0.159406
0.842843 0.158398
0.843844 0.15739
0.844845 0.156382
0.845846 0.155374
0.846847 0.154366
0.847848 0.153358
0.848849 0.152351
0.84985 0.151343
0.850851 0.150335
0.851852 0.149327
0.852853 0.148319
0.853854 0.147311
0.854855 0.146303
0.855856 0.145294
0.856857 0.144286
0.857858 0.143278
0.858859 0.14227
0.85986 0.141262
0.860861 0.140254
0.861862 0.139246
0.862863 0.138237
0.863864 0.137229
0.864865 0.136221
0.865866 0.135213
0.866867 0.134204
0.867868 0.133196
0.868869 0.132188
0.86987 0.131179
0.870871 0.130171
0.871872 0.129163
0.872873 0.128154
0.873874 0.127146
0.874875 0.126138
0.875876 0.125129
0.876877 0.124121
0.877878 0.123112
0.878879 0.122104
0.87988 0.121095
0.880881 0.120087
0.881882 0.119078
0.882883 0.11807
0.883884 0.117061
0.884885 0.116053
0.885886 0.115044
0.886887 0.114035
0.887888 0.113027
0.888889 0.112018
0.88989 0.11101
0.890891 0.110001
0.891892 0.108992
0.892893 0.107984
0.893894 0.106975
0.894895 0.105966
0.895896 0.104957
0.896897 0.103949
0.897898 0.10294
0.898899 0.101931
0.8999 0.100923
0.900901 0.0999137
0.901902 0.0989049
0.902903 0.0978961
0.903904 0.0968873
0.904905 0.0958785
0.905906 0.0948697
0.906907 0.0938608
0.907908 0.092852
0.908909 0.0918431
0.90991 0.0908342
0.910911 0.0898253
0.911912 0.0888164
0.912913 0.0878075
0.913914 0.0867986
0.914915 0.0857896
0.915916 0.0847807
0.916917 0.0837717
0.917918 0.0827628
0.918919 0.0817538
0.91992 0.0807448
0.920921 0.0797358
0.921922 0.0787268
0.922923 0.0777178
0.923924 0.0767087
0.924925 0.0756997
0.925926 0.0746907
0.926927 0.0736816
0.927928 0.0726725
0.928929 0.0716634
0.92993 0.0706544
0.930931 0.0696453
0.931932 0.0686362
0.932933 0.0676271
0.933934 0.0666179
0.934935 0.0656088
0.935936 0.0645997
0.936937 0.0635905
0.937938 0.0625814
0.938939 0.0615722
0.93994 0.060563
0.940941 0.0595538
0.941942 0.0585446
0.942943 0.0575354
0.943944 0.0565262
0.944945 0.055517
0.945946 0.0545078
0.946947 0.0534986
0.947948 0.0524893
0.948949 0.0514801
0.94995 0.0504708
0.950951 0.0494616
0.951952 0.0484523
0.952953 0.047443
0.953954 0.0464337
0.954955 0.0454245
0.955956 0.0444152
0.956957 0.0434059
0.957958 0.0423965
0.958959 0.0413872
0.95996 0.0403779
0.960961 0.0393686
0.961962 0.0383592
0.962963 0.0373499
0.963964 0.0363405
0.964965 0.0353312
0.965966 0.0343218
0.966967 0.0333124
0.967968 0.0323031
0.968969 0.0312937
0.96997 0.0302843
0.970971 0.0292749
0.971972 0.0282655
0.972973 0.0272561
0.973974 0.0262467
0.974975 0.0252373
0.975976 0.0242278
0.976977 0.0232184
0.977978 0.022209
0.978979 0.0211995
0.97998 0.0201901
0.980981 0.0191806
0.981982 0.0181712
0.982983 0.0171617
0.983984 0.0161522
0.984985 0.0151427
0.985986 0.0141333
0.986987 0.0131238
0.987988 0.0121143
0.988989 0.0111048
0.98999 0.0100953
0.990991 0.00908578
0.991992 0.00807627
0.992993 0.00706675
0.993994 0.00605723
0.994995 0.0050477
0.995996 0.00403817
0.996997 0.00302864
0.997998 0.00201909
0.998999 0.00100955
1 0
