Substitution took 1.9e-05 seconds to execute in the special case with n = 1000.
1000
0 0.0090512
0.001001 0.0180022
0.002002 0.026854
0.003003 0.0356076
0.004004 0.0442639
0.00500501 0.052824
0.00600601 0.0612888
0.00700701 0.0696592
0.00800801 0.0779362
0.00900901 0.0861207
0.01001 0.0942136
0.011011 0.102216
0.012012 0.110128
0.013013 0.117952
0.014014 0.125688
0.015015 0.133336
0.016016 0.140899
0.017017 0.148376
0.018018 0.155768
0.019019 0.163077
0.02002 0.170303
0.021021 0.177447
0.022022 0.18451
0.023023 0.191492
0.024024 0.198395
0.025025 0.205219
0.026026 0.211964
0.027027 0.218633
0.028028 0.225225
0.029029 0.231742
0.03003 0.238183
0.031031 0.244551
0.032032 0.250845
0.033033 0.257066
0.034034 0.263215
0.035035 0.269293
0.036036 0.2753
0.037037 0.281237
0.038038 0.287105
0.039039 0.292905
0.04004 0.298637
0.041041 0.304302
0.042042 0.3099
0.043043 0.315432
0.044044 0.3209
0.045045 0.326302
0.046046 0.331641
0.047047 0.336917
0.048048 0.34213
0.049049 0.347281
0.0500501 0.352371
0.0510511 0.3574
0.0520521 0.362369
0.0530531 0.367278
0.0540541 0.372129
0.0550551 0.376921
0.0560561 0.381655
0.0570571 0.386332
0.0580581 0.390952
0.0590591 0.395517
0.0600601 0.400025
0.0610611 0.404479
0.0620621 0.408879
0.0630631 0.413224
0.0640641 0.417517
0.0650651 0.421756
0.0660661 0.425943
0.0670671 0.430079
0.0680681 0.434163
0.0690691 0.438196
0.0700701 0.44218
0.0710711 0.446113
0.0720721 0.449998
0.0730731 0.453833
0.0740741 0.45762
0.0750751 0.46136
0.0760761 0.465052
0.0770771 0.468698
0.0780781 0.472297
0.0790791 0.47585
0.0800801 0.479358
0.0810811 0.48282
0.0820821 0.486238
0.0830831 0.489613
0.0840841 0.492943
0.0850851 0.49623
0.0860861 0.499475
0.0870871 0.502677
0.0880881 0.505837
0.0890891 0.508955
0.0900901 0.512033
0.0910911 0.51507
0.0920921 0.518066
0.0930931 0.521023
0.0940941 0.52394
0.0950951 0.526818
0.0960961 0.529657
0.0970971 0.532458
0.0980981 0.535221
0.0990991 0.537947
0.1001 0.540635
0.101101 0.543286
0.102102 0.545901
0.103103 0.54848
0.104104 0.551023
0.105105 0.553531
0.106106 0.556004
0.107107 0.558442
0.108108 0.560845
0.109109 0.563215
0.11011 0.565551
0.111111 0.567854
0.112112 0.570124
0.113113 0.572361
0.114114 0.574566
0.115115 0.576738
0.116116 0.578879
0.117117 0.580989
0.118118 0.583068
0.119119 0.585116
0.12012 0.587133
0.121121 0.58912
0.122122 0.591078
0.123123 0.593006
0.124124 0.594904
0.125125 0.596774
0.126126 0.598615
0.127127 0.600428
0.128128 0.602212
0.129129 0.603969
0.13013 0.605698
0.131131 0.6074
0.132132 0.609075
0.133133 0.610723
0.134134 0.612345
0.135135 0.61394
0.136136 0.61551
0.137137 0.617054
0.138138 0.618572
0.139139 0.620065
0.14014 0.621534
0.141141 0.622977
0.142142 0.624397
0.143143 0.625792
0.144144 0.627163
0.145145 0.62851
0.146146 0.629834
0.147147 0.631135
0.148148 0.632413
0.149149 0.633667
0.15015 0.6349
0.151151 0.63611
0.152152 0.637298
0.153153 0.638464
0.154154 0.639608
0.155155 0.640731
0.156156 0.641833
0.157157 0.642914
0.158158 0.643973
0.159159 0.645013
0.16016 0.646032
0.161161 0.64703
0.162162 0.648009
0.163163 0.648968
0.164164 0.649907
0.165165 0.650827
0.166166 0.651728
0.167167 0.652609
0.168168 0.653472
0.169169 0.654316
0.17017 0.655142
0.171171 0.655949
0.172172 0.656739
0.173173 0.65751
0.174174 0.658264
0.175175 0.659
0.176176 0.659719
0.177177 0.66042
0.178178 0.661105
0.179179 0.661773
0.18018 0.662423
0.181181 0.663058
0.182182 0.663676
0.183183 0.664278
0.184184 0.664864
0.185185 0.665433
0.186186 0.665988
0.187187 0.666526
0.188188 0.667049
0.189189 0.667557
0.19019 0.66805
0.191191 0.668528
0.192192 0.668991
0.193193 0.66944
0.194194 0.669873
0.195195 0.670293
0.196196 0.670698
0.197197 0.671089
0.198198 0.671467
0.199199 0.67183
0.2002 0.67218
0.201201 0.672516
0.202202 0.672839
0.203203 0.673149
0.204204 0.673445
0.205205 0.673729
0.206206 0.673999
0.207207 0.674257
0.208208 0.674502
0.209209 0.674735
0.21021 0.674955
0.211211 0.675163
0.212212 0.675359
0.213213 0.675543
0.214214 0.675715
0.215215 0.675876
0.216216 0.676024
0.217217 0.676162
0.218218 0.676287
0.219219 0.676402
0.22022 0.676505
0.221221 0.676597
0.222222 0.676678
0.223223 0.676749
0.224224 0.676808
0.225225 0.676857
0.226226 0.676896
0.227227 0.676924
0.228228 0.676941
0.229229 0.676949
0.23023 0.676946
0.231231 0.676933
0.232232 0.676911
0.233233 0.676878
0.234234 0.676836
0.235235 0.676784
0.236236 0.676723
0.237237 0.676652
0.238238 0.676572
0.239239 0.676483
0.24024 0.676384
0.241241 0.676276
0.242242 0.67616
0.243243 0.676034
0.244244 0.6759
0.245245 0.675757
0.246246 0.675605
0.247247 0.675445
0.248248 0.675277
0.249249 0.6751
0.25025 0.674914
0.251251 0.674721
0.252252 0.674519
0.253253 0.67431
0.254254 0.674092
0.255255 0.673867
0.256256 0.673633
0.257257 0.673392
0.258258 0.673144
0.259259 0.672887
0.26026 0.672624
0.261261 0.672353
0.262262 0.672074
0.263263 0.671788
0.264264 0.671495
0.265265 0.671195
0.266266 0.670888
0.267267 0.670574
0.268268 0.670253
0.269269 0.669925
0.27027 0.66959
0.271271 0.669249
0.272272 0.668901
0.273273 0.668546
0.274274 0.668185
0.275275 0.667817
0.276276 0.667443
0.277277 0.667063
0.278278 0.666676
0.279279 0.666283
0.28028 0.665884
0.281281 0.665479
0.282282 0.665068
0.283283 0.664651
0.284284 0.664228
0.285285 0.6638
0.286286 0.663365
0.287287 0.662925
0.288288 0.662479
0.289289 0.662028
0.29029 0.66157
0.291291 0.661108
0.292292 0.66064
0.293293 0.660167
0.294294 0.659688
0.295295 0.659204
0.296296 0.658715
0.297297 0.65822
0.298298 0.657721
0.299299 0.657216
0.3003 0.656706
0.301301 0.656192
0.302302 0.655672
0.303303 0.655148
0.304304 0.654619
0.305305 0.654085
0.306306 0.653546
0.307307 0.653002
0.308308 0.652454
0.309309 0.651902
0.31031 0.651345
0.311311 0.650783
0.312312 0.650217
0.313313 0.649646
0.314314 0.649071
0.315315 0.648492
0.316316 0.647908
0.317317 0.647321
0.318318 0.646729
0.319319 0.646133
0.32032 0.645532
0.321321 0.644928
0.322322 0.64432
0.323323 0.643707
0.324324 0.643091
0.325325 0.642471
0.326326 0.641847
0.327327 0.641219
0.328328 0.640587
0.329329 0.639952
0.33033 0.639313
0.331331 0.63867
0.332332 0.638023
0.333333 0.637373
0.334334 0.63672
0.335335 0.636062
0.336336 0.635402
0.337337 0.634737
0.338338 0.63407
0.339339 0.633399
0.34034 0.632724
0.341341 0.632047
0.342342 0.631366
0.343343 0.630681
0.344344 0.629994
0.345345 0.629303
0.346346 0.628609
0.347347 0.627912
0.348348 0.627212
0.349349 0.626509
0.35035 0.625802
0.351351 0.625093
0.352352 0.624381
0.353353 0.623666
0.354354 0.622947
0.355355 0.622226
0.356356 0.621503
0.357357 0.620776
0.358358 0.620046
0.359359 0.619314
0.36036 0.618579
0.361361 0.617841
0.362362 0.6171
0.363363 0.616357
0.364364 0.615611
0.365365 0.614863
0.366366 0.614112
0.367367 0.613358
0.368368 0.612602
0.369369 0.611843
0.37037 0.611082
0.371371 0.610318
0.372372 0.609552
0.373373 0.608784
0.374374 0.608013
0.375375 0.60724
0.376376 0.606464
0.377377 0.605686
0.378378 0.604906
0.379379 0.604123
0.38038 0.603338
0.381381 0.602551
0.382382 0.601762
0.383383 0.600971
0.384384 0.600177
0.385385 0.599381
0.386386 0.598583
0.387387 0.597784
0.388388 0.596981
0.389389 0.596177
0.39039 0.595371
0.391391 0.594563
0.392392 0.593753
0.393393 0.592941
0.394394 0.592127
0.395395 0.591311
0.396396 0.590493
0.397397 0.589673
0.398398 0.588851
0.399399 0.588027
0.4004 0.587202
0.401401 0.586374
0.402402 0.585545
0.403403 0.584714
0.404404 0.583882
0.405405 0.583047
0.406406 0.582211
0.407407 0.581373
0.408408 0.580534
0.409409 0.579692
0.41041 0.578849
0.411411 0.578005
0.412412 0.577159
0.413413 0.576311
0.414414 0.575461
0.415415 0.57461
0.416416 0.573758
0.417417 0.572903
0.418418 0.572048
0.419419 0.57119
0.42042 0.570332
0.421421 0.569471
0.422422 0.56861
0.423423 0.567746
0.424424 0.566882
0.425425 0.566016
0.426426 0.565148
0.427427 0.564279
0.428428 0.563409
0.429429 0.562537
0.43043 0.561664
0.431431 0.56079
0.432432 0.559914
0.433433 0.559037
0.434434 0.558158
0.435435 0.557279
0.436436 0.556398
0.437437 0.555515
0.438438 0.554632
0.439439 0.553747
0.44044 0.552861
0.441441 0.551974
0.442442 0.551085
0.443443 0.550196
0.444444 0.549305
0.445445 0.548413
0.446446 0.547519
0.447447 0.546625
0.448448 0.54573
0.449449 0.544833
0.45045 0.543935
0.451451 0.543036
0.452452 0.542136
0.453453 0.541235
0.454454 0.540333
0.455455 0.53943
0.456456 0.538526
0.457457 0.537621
0.458458 0.536714
0.459459 0.535807
0.46046 0.534899
0.461461 0.533989
0.462462 0.533079
0.463463 0.532168
0.464464 0.531255
0.465465 0.530342
0.466466 0.529428
0.467467 0.528513
0.468468 0.527597
0.469469 0.52668
0.47047 0.525762
0.471471 0.524843
0.472472 0.523923
0.473473 0.523003
0.474474 0.522081
0.475475 0.521159
0.476476 0.520236
0.477477 0.519311
0.478478 0.518386
0.479479 0.517461
0.48048 0.516534
0.481481 0.515607
0.482482 0.514678
0.483483 0.513749
0.484484 0.51282
0.485485 0.511889
0.486486 0.510958
0.487487 0.510025
0.488488 0.509092
0.489489 0.508159
0.49049 0.507224
0.491491 0.506289
0.492492 0.505353
0.493493 0.504417
0.494494 0.503479
0.495495 0.502541
0.496496 0.501602
0.497497 0.500663
0.498498 0.499723
0.499499 0.498782
0.500501 0.49784
0.501502 0.496898
0.502503 0.495955
0.503504 0.495011
0.504505 0.494067
0.505506 0.493122
0.506507 0.492177
0.507508 0.491231
0.508509 0.490284
0.50951 0.489337
0.510511 0.488389
0.511512 0.48744
0.512513 0.486491
0.513514 0.485541
0.514515 0.484591
0.515516 0.48364
0.516517 0.482688
0.517518 0.481736
0.518519 0.480784
0.51952 0.47983
0.520521 0.478877
0.521522 0.477922
0.522523 0.476967
0.523524 0.476012
0.524525 0.475056
0.525526 0.4741
0.526527 0.473143
0.527528 0.472185
0.528529 0.471227
0.52953 0.470268
0.530531 0.469309
0.531532 0.46835
0.532533 0.46739
0.533534 0.466429
0.534535 0.465468
0.535536 0.464507
0.536537 0.463545
0.537538 0.462582
0.538539 0.461619
0.53954 0.460656
0.540541 0.459692
0.541542 0.458728
0.542543 0.457763
0.543544 0.456798
0.544545 0.455833
0.545546 0.454867
0.546547 0.4539
0.547548 0.452933
0.548549 0.451966
0.54955 0.450998
0.550551 0.45003
0.551552 0.449062
0.552553 0.448093
0.553554 0.447124
0.554555 0.446154
0.555556 0.445184
0.556557 0.444213
0.557558 0.443242
0.558559 0.442271
0.55956 0.441299
0.560561 0.440327
0.561562 0.439355
0.562563 0.438382
0.563564 0.437409
0.564565 0.436436
0.565566 0.435462
0.566567 0.434488
0.567568 0.433513
0.568569 0.432538
0.56957 0.431563
0.570571 0.430588
0.571572 0.429612
0.572573 0.428636
0.573574 0.427659
0.574575 0.426682
0.575576 0.425705
0.576577 0.424728
0.577578 0.42375
0.578579 0.422772
0.57958 0.421793
0.580581 0.420815
0.581582 0.419836
0.582583 0.418856
0.583584 0.417877
0.584585 0.416897
0.585586 0.415917
0.586587 0.414936
0.587588 0.413955
0.588589 0.412974
0.58959 0.411993
0.590591 0.411011
0.591592 0.41003
0.592593 0.409047
0.593594 0.408065
0.594595 0.407082
0.595596 0.406099
0.596597 0.405116
0.597598 0.404133
0.598599 0.403149
0.5996 0.402165
0.600601 0.401181
0.601602 0.400196
0.602603 0.399212
0.603604 0.398227
0.604605 0.397242
0.605606 0.396256
0.606607 0.39527
0.607608 0.394285
0.608609 0.393298
0.60961 0.392312
0.610611 0.391326
0.611612 0.390339
0.612613 0.389352
0.613614 0.388365
0.614615 0.387377
0.615616 0.386389
0.616617 0.385402
0.617618 0.384413
0.618619 0.383425
0.61962 0.382437
0.620621 0.381448
0.621622 0.380459
0.622623 0.37947
0.623624 0.378481
0.624625 0.377491
0.625626 0.376501
0.626627 0.375512
0.627628 0.374521
0.628629 0.373531
0.62963 0.372541
0.630631 0.37155
0.631632 0.370559
0.632633 0.369568
0.633634 0.368577
0.634635 0.367586
0.635636 0.366594
0.636637 0.365602
0.637638 0.364611
0.638639 0.363619
0.63964 0.362626
0.640641 0.361634
0.641642 0.360641
0.642643 0.359649
0.643644 0.358656
0.644645 0.357663
0.645646 0.35667
0.646647 0.355676
0.647648 0.354683
0.648649 0.353689
0.64965 0.352695
0.650651 0.351701
0.651652 0.350707
0.652653 0.349713
0.653654 0.348718
0.654655 0.347724
0.655656 0.346729
0.656657 0.345734
0.657658 0.344739
0.658659 0.343744
0.65966 0.342749
0.660661 0.341754
0.661662 0.340758
0.662663 0.339762
0.663664 0.338766
0.664665 0.337771
0.665666 0.336774
0.666667 0.335778
0.667668 0.334782
0.668669 0.333786
0.66967 0.332789
0.670671 0.331792
0.671672 0.330795
0.672673 0.329798
0.673674 0.328801
0.674675 0.327804
0.675676 0.326807
0.676677 0.32581
0.677678 0.324812
0.678679 0.323814
0.67968 0.322817
0.680681 0.321819
0.681682 0.320821
0.682683 0.319823
0.683684 0.318824
0.684685 0.317826
0.685686 0.316828
0.686687 0.315829
0.687688 0.314831
0.688689 0.313832
0.68969 0.312833
0.690691 0.311834
0.691692 0.310835
0.692693 0.309836
0.693694 0.308837
0.694695 0.307837
0.695696 0.306838
0.696697 0.305839
0.697698 0.304839
0.698699 0.303839
0.6997 0.302839
0.700701 0.30184
0.701702 0.30084
0.702703 0.299839
0.703704 0.298839
0.704705 0.297839
0.705706 0.296839
0.706707 0.295838
0.707708 0.294838
0.708709 0.293837
0.70971 0.292837
0.710711 0.291836
0.711712 0.290835
0.712713 0.289834
0.713714 0.288833
0.714715 0.287832
0.715716 0.286831
0.716717 0.28583
0.717718 0.284828
0.718719 0.283827
0.71972 0.282825
0.720721 0.281824
0.721722 0.280822
0.722723 0.279821
0.723724 0.278819
0.724725 0.277817
0.725726 0.276815
0.726727 0.275813
0.727728 0.274811
0.728729 0.273809
0.72973 0.272807
0.730731 0.271805
0.731732 0.270802
0.732733 0.2698
0.733734 0.268797
0.734735 0.267795
0.735736 0.266792
0.736737 0.26579
0.737738 0.264787
0.738739 0.263784
0.73974 0.262781
0.740741 0.261778
0.741742 0.260775
0.742743 0.259772
0.743744 0.258769
0.744745 0.257766
0.745746 0.256763
0.746747 0.25576
0.747748 0.254756
0.748749 0.253753
0.74975 0.25275
0.750751 0.251746
0.751752 0.250743
0.752753 0.249739
0.753754 0.248735
0.754755 0.247732
0.755756 0.246728
0.756757 0.245724
0.757758 0.24472
0.758759 0.243717
0.75976 0.242713
0.760761 0.241709
0.761762 0.240705
0.762763 0.2397
0.763764 0.238696
0.764765 0.237692
0.765766 0.236688
0.766767 0.235684
0.767768 0.234679
0.768769 0.233675
0.76977 0.23267
0.770771 0.231666
0.771772 0.230661
0.772773 0.229657
0.773774 0.228652
0.774775 0.227648
0.775776 0.226643
0.776777 0.225638
0.777778 0.224633
0.778779 0.223629
0.77978 0.222624
0.780781 0.221619
0.781782 0.220614
0.782783 0.219609
0.783784 0.218604
0.784785 0.217599
0.785786 0.216594
0.786787 0.215588
0.787788 0.214583
0.788789 0.213578
0.78979 0.212573
0.790791 0.211567
0.791792 0.210562
0.792793 0.209557
0.793794 0.208551
0.794795 0.207546
0.795796 0.20654
0.796797 0.205535
0.797798 0.204529
0.798799 0.203524
0.7998 0.202518
0.800801 0.201513
0.801802 0.200507
0.802803 0.199501
0.803804 0.198495
0.804805 0.19749
0.805806 0.196484
0.806807 0.195478
0.807808 0.194472
0.808809 0.193466
0.80981 0.19246
0.810811 0.191454
0.811812 0.190448
0.812813 0.189442
0.813814 0.188436
0.814815 0.18743
0.815816 0.186424
0.816817 0.185418
0.817818 0.184412
0.818819 0.183405
0.81982 0.182399
0.820821 0.181393
0.821822 0.180387
0.822823 0.17938
0.823824 0.178374
0.824825 0.177368
0.825826 0.176361
0.826827 0.175355
0.827828 0.174348
0.828829 0.173342
0.82983 0.172335
0.830831 0.171329
0.831832 0.170322
0.832833 0.169316
0.833834 0.168309
0.834835 0.167303
0.835836 0.166296
0.836837 0.165289
0.837838 0.164283
0.838839 0.163276
0.83984 0.162269
0.840841 0.161262
0.841842 0.160256
0.842843 0.159249
0.843844 0.158242
0.844845 0.157235
0.845846 0.156228
0.846847 0.155221
0.847848 0.154215
0.848849 0.153208
0.84985 0.152201
0.850851 0.151194
0.851852 0.150187
0.852853 0.14918
0.853854 0.148173
0.854855 0.147166
0.855856 0.146159
0.856857 0.145152
0.857858 0.144144
0.858859 0.143137
0.85986 0.14213
0.860861 0.141123
0.861862 0.140116
0.862863 0.139109
0.863864 0.138101
0.864865 0.137094
0.865866 0.136087
0.866867 0.13508
0.867868 0.134072
0.868869 0.133065
0.86987 0.132058
0.870871 0.13105
0.871872 0.130043
0.872873 0.129036
0.873874 0.128028
0.874875 0.127021
0.875876 0.126013
0.876877 0.125006
0.877878 0.123999
0.878879 0.122991
0.87988 0.121984
0.880881 0.120976
0.881882 0.119969
0.882883 0.118961
0.883884 0.117954
0.884885 0.116946
0.885886 0.115938
0.886887 0.114931
0.887888 0.113923
0.888889 0.112916
0.88989 0.111908
0.890891 0.1109
0.891892 0.109893
0.892893 0.108885
0.893894 0.107877
0.894895 0.10687
0.895896 0.105862
0.896897 0.104854
0.897898 0.103847
0.898899 0.102839
0.8999 0.101831
0.900901 0.100823
0.901902 0.0998156
0.902903 0.0988078
0.903904 0.0978
0.904905 0.0967922
0.905906 0.0957843
0.906907 0.0947765
0.907908 0.0937686
0.908909 0.0927608
0.90991 0.0917529
0.910911 0.090745
0.911912 0.0897371
0.912913 0.0887292
0.913914 0.0877213
0.914915 0.0867134
0.915916 0.0857054
0.916917 0.0846975
0.917918 0.0836895
0.918919 0.0826816
0.91992 0.0816736
0.920921 0.0806656
0.921922 0.0796576
0.922923 0.0786496
0.923924 0.0776416
0.924925 0.0766335
0.925926 0.0756255
0.926927 0.0746175
0.927928 0.0736094
0.928929 0.0726013
0.92993 0.0715932
0.930931 0.0705852
0.931932 0.0695771
0.932933 0.068569
0.933934 0.0675609
0.934935 0.0665527
0.935936 0.0655446
0.936937 0.0645365
0.937938 0.0635283
0.938939 0.0625202
0.93994 0.061512
0.940941 0.0605038
0.941942 0.0594956
0.942943 0.0584875
0.943944 0.0574793
0.944945 0.0564711
0.945946 0.0554628
0.946947 0.0544546
0.947948 0.0534464
0.948949 0.0524382
0.94995 0.0514299
0.950951 0.0504217
0.951952 0.0494134
0.952953 0.0484051
0.953954 0.0473969
0.954955 0.0463886
0.955956 0.0453803
0.956957 0.044372
0.957958 0.0433637
0.958959 0.0423554
0.95996 0.0413471
0.960961 0.0403388
0.961962 0.0393304
0.962963 0.0383221
0.963964 0.0373137
0.964965 0.0363054
0.965966 0.035297
0.966967 0.0342887
0.967968 0.0332803
0.968969 0.0322719
0.96997 0.0312636
0.970971 0.0302552
0.971972 0.0292468
0.972973 0.0282384
0.973974 0.02723
0.974975 0.0262216
0.975976 0.0252132
0.976977 0.0242047
0.977978 0.0231963
0.978979 0.0221879
0.97998 0.0211794
0.980981 0.020171
0.981982 0.0191625
0.982983 0.0181541
0.983984 0.0171456
0.984985 0.0161372
0.985986 0.0151287
0.986987 0.0141202
0.987988 0.0131117
0.988989 0.0121032
0.98999 0.0110947
0.990991 0.0100862
0.991992 0.00907774
0.992993 0.00806924
0.993994 0.00706073
0.994995 0.00605221
0.995996 0.00504369
0.996997 0.00403516
0.997998 0.00302663
0.998999 0.00201809
1 0.00100955
