Substitution took 5e-06 seconds to execute in the special case with n = 100.
100
0 0.095255
0.010101 0.180307
0.020202 0.256136
0.030303 0.323628
0.040404 0.383585
0.0505051 0.43673
0.0606061 0.483718
0.0707071 0.52514
0.0808081 0.561531
0.0909091 0.593374
0.10101 0.621107
0.111111 0.645124
0.121212 0.665782
0.131313 0.683404
0.141414 0.698282
0.151515 0.710679
0.161616 0.720834
0.171717 0.728961
0.181818 0.735257
0.191919 0.739896
0.20202 0.743038
0.212121 0.744828
0.222222 0.745393
0.232323 0.744854
0.242424 0.743314
0.252525 0.740872
0.262626 0.737612
0.272727 0.733615
0.282828 0.72895
0.292929 0.723682
0.30303 0.717869
0.313131 0.711563
0.323232 0.704812
0.333333 0.697658
0.343434 0.69014
0.353535 0.682293
0.363636 0.674148
0.373737 0.665735
0.383838 0.657079
0.393939 0.648203
0.40404 0.639128
0.414141 0.629874
0.424242 0.620458
0.434343 0.610895
0.444444 0.6012
0.454545 0.591385
0.464646 0.581461
0.474747 0.57144
0.484848 0.56133
0.494949 0.55114
0.505051 0.540878
0.515152 0.53055
0.525253 0.520163
0.535354 0.509723
0.545455 0.499235
0.555556 0.488703
0.565657 0.478132
0.575758 0.467524
0.585859 0.456885
0.59596 0.446217
0.606061 0.435522
0.616162 0.424803
0.626263 0.414063
0.636364 0.403304
0.646465 0.392527
0.656566 0.381734
0.666667 0.370926
0.676768 0.360106
0.686869 0.349274
0.69697 0.338431
0.707071 0.327579
0.717172 0.316718
0.727273 0.305849
0.737374 0.294973
0.747475 0.284091
0.757576 0.273203
0.767677 0.262309
0.777778 0.251411
0.787879 0.240509
0.79798 0.229603
0.808081 0.218693
0.818182 0.20778
0.828283 0.196865
0.838384 0.185946
0.848485 0.175026
0.858586 0.164103
0.868687 0.153178
0.878788 0.142252
0.888889 0.131324
0.89899 0.120395
0.909091 0.109464
0.919192 0.0985325
0.929293 0.0875998
0.939394 0.0766661
0.949495 0.0657315
0.959596 0.0547962
0.969697 0.0438602
0.979798 0.0329236
0.989899 0.0219864
1 0.0110487
