1.05 4.19387 18.6078 1.33397
1.055 4.19535 18.6232 1.33304
1.06 4.19286 18.599 1.335
1.065 4.19098 18.5797 1.33622
1.07 4.19398 18.6061 1.33427
0.985 4.19356 18.6057 1.33549
0.99 4.19069 18.5818 1.33691
1.085 4.19093 18.582 1.33699
0.2 4.11126 17.7094 1.40275
0.205 4.11815 17.7932 1.39623
0.21 4.12083 17.8144 1.39505
0.215 4.12095 17.8175 1.39482
0.22 4.11876 17.7962 1.39563
0.225 4.12117 17.8226 1.3934
0.23 4.12148 17.8175 1.39373
0.235 4.11885 17.8018 1.39474
0.24 4.11832 17.7815 1.39606
0.245 4.11889 17.7956 1.39491
0.25 4.12061 17.8111 1.39273
0.255 4.12143 17.8099 1.3933
0.26 4.12129 17.8117 1.39316
0.265 4.11856 17.7916 1.39407
0.27 4.11838 17.7798 1.39431
0.275 4.11802 17.7763 1.39454
0.28 4.11704 17.7712 1.39478
0.285 4.11806 17.7748 1.39426
0.29 4.1174 17.7728 1.39461
0.295 4.1209 17.801 1.3919
0.3 4.1188 17.7884 1.39337
0.305 4.11946 17.7926 1.3921
0.31 4.11938 17.7938 1.39208
0.315 4.11378 17.7303 1.39726
0.32 4.1153 17.7439 1.39525
0.325 4.11314 17.7277 1.39655
0.33 4.1255 17.8543 1.38737
0.335 4.12243 17.8204 1.38959
0.34 4.12105 17.7987 1.39054
0.345 4.12562 17.8427 1.38824
0.35 4.09992 17.5707 1.4076
0.355 4.09841 17.5566 1.41009
0.36 4.09756 17.5448 1.40932
0.365 4.09904 17.5674 1.40801
0.37 4.10218 17.596 1.4049
0.375 4.09587 17.5236 1.41029
0.38 4.09748 17.5471 1.40897
0.385 4.09561 17.5192 1.4114
0.39 4.09708 17.5374 1.40803
0.21 4.07124 17.2741 1.43295
0.215 4.07429 17.3001 1.42959
0.22 4.06663 17.2172 1.43628
0.225 4.06902 17.2422 1.43346
0.23 4.07366 17.2881 1.42874
0.235 4.07652 17.3218 1.42605
0.24 4.07905 17.3462 1.424
0.245 4.08281 17.384 1.42062
0.25 4.08369 17.3952 1.41953
0.255 4.08369 17.4036 1.41827
0.26 4.08727 17.4347 1.41618
0.265 4.08942 17.4573 1.41411
0.27 4.09284 17.4856 1.41168
0.275 4.09282 17.4959 1.4105
0.28 4.09468 17.512 1.41049
0.285 4.09836 17.5486 1.40569
0.29 4.10037 17.5704 1.4045
0.295 4.09524 17.5172 1.4093
0.3 4.09677 17.537 1.40711
0.305 4.09851 17.5564 1.40583
0.31 4.10059 17.5682 1.40512
0.315 4.10325 17.5983 1.40209
0.32 4.10445 17.6186 1.40046
0.325 4.10899 17.6582 1.39746
0.33 4.11072 17.6782 1.3954
0.335 4.11049 17.6747 1.39607
0.34 4.11428 17.716 1.39246
0.345 4.11544 17.731 1.39153
0.35 4.11481 17.7236 1.3919
0.355 4.11384 17.7211 1.3922
0.36 4.11944 17.7708 1.38881
0.365 4.11739 17.7578 1.38953
0.37 4.11967 17.7767 1.38797
0.375 4.12228 17.8036 1.38604
0.38 4.12336 17.8171 1.38486
0.385 4.12713 17.8497 1.38352
0.39 4.12766 17.8581 1.38207
0.395 4.1266 17.8573 1.38185
0.435 4.12997 17.895 1.37848
0.44 4.1131 17.7029 1.3934
0.445 4.11537 17.7253 1.39186
0.45 4.11911 17.7601 1.3893
0.4 4.12143 17.7875 1.38746
0.405 4.12521 17.8323 1.38444
0.465 4.12608 17.8476 1.38314
0.47 4.12154 17.794 1.38702
0.475 4.1281 17.8481 1.38324
0.48 4.12897 17.8629 1.38106
0.485 4.12871 17.867 1.38168
0.64 4.12812 17.8654 1.38214
0.495 4.12867 17.8643 1.38128
0.65 4.13034 17.8871 1.37923
0.54 4.12187 17.7985 1.38502
0.545 4.12495 17.829 1.38365
0.55 4.12822 17.856 1.38232
0.555 4.1277 17.8586 1.38177
0.56 4.127 17.8587 1.3812
0.565 4.13013 17.8884 1.37944
0.57 4.13091 17.8941 1.37928
0.575 4.13142 17.9047 1.3777
0.58 4.13509 17.9365 1.37625
0.585 4.13806 17.9696 1.37361
0.59 4.13541 17.9507 1.37542
0.595 4.13844 17.9816 1.37328
0.6 4.14174 18.0046 1.37192
0.605 4.14194 18.0175 1.37083
0.61 4.1418 18.0198 1.36977
0.615 4.14652 18.0602 1.36814
0.62 4.14317 18.038 1.36917
0.625 4.14881 18.0875 1.36637
0.63 4.14638 18.0724 1.36694
0.635 4.14895 18.0967 1.36539
0.715 4.15097 18.1163 1.36375
0.72 4.14424 18.0423 1.36863
0.725 4.14481 18.0513 1.36809
0.73 4.147 18.0737 1.36625
0.735 4.14843 18.0848 1.36626
0.74 4.14908 18.0926 1.36543
0.745 4.14788 18.0923 1.36532
0.715 4.15278 18.1275 1.36274
0.72 4.14864 18.1037 1.36403
0.61 4.15265 18.1295 1.36307
0.615 4.1525 18.1321 1.36275
0.62 4.15524 18.1598 1.36094
0.625 4.15859 18.194 1.35896
0.63 4.15904 18.1964 1.35818
0.635 4.15737 18.1938 1.35816
0.64 4.16075 18.2222 1.35682
0.645 4.16394 18.2505 1.35475
0.765 4.16264 18.2471 1.35467
0.77 4.15416 18.1583 1.36
0.775 4.15667 18.1816 1.36031
0.78 4.15782 18.1917 1.35869
0.785 4.15941 18.2118 1.35719
0.825 4.16137 18.2255 1.35671
0.83 4.15941 18.2093 1.35751
0.835 4.16208 18.2341 1.35588
0.84 4.16186 18.2388 1.35528
0.675 4.16388 18.2551 1.3546
0.68 4.16405 18.263 1.35453
0.685 4.16503 18.2775 1.3536
0.86 4.16573 18.2863 1.35278
0.865 4.16797 18.3028 1.35168
0.87 4.1681 18.3063 1.3512
0.875 4.17059 18.3255 1.35032
0.88 4.1663 18.2876 1.35234
0.885 4.16793 18.3045 1.35168
0.89 4.16748 18.3048 1.35186
0.895 4.16858 18.3042 1.35156
0.9 4.17072 18.3252 1.35076
0.905 4.16923 18.316 1.35047
0.91 4.17385 18.3617 1.34826
0.915 4.17227 18.3497 1.34864
0.92 4.17546 18.3787 1.34731
0.925 4.17658 18.3944 1.34695
0.93 4.17206 18.362 1.34906
0.935 4.17597 18.3931 1.34617
0.94 4.17736 18.4043 1.34553
0.945 4.17766 18.4092 1.34552
0.95 4.17405 18.3812 1.34633
0.955 4.17442 18.3943 1.34649
0.96 4.1797 18.4356 1.34355
0.965 4.17669 18.4128 1.34507
0.97 4.17989 18.4369 1.34356
0.975 4.18033 18.4447 1.34346
0.98 4.18107 18.4547 1.34297
0.985 4.18029 18.4506 1.34243
1.03 4.1811 18.4576 1.34279
0.995 4.1818 18.4495 1.3427
1.04 4.18078 18.4493 1.34346
1.045 4.18194 18.4552 1.34237
1.05 4.18095 18.4524 1.34217
1.055 4.18268 18.4693 1.34176
1.06 4.18338 18.4782 1.34132
1.065 4.1854 18.4965 1.33993
1.07 4.18634 18.5082 1.34017
1.075 4.18541 18.5047 1.33981
1.08 4.18742 18.5221 1.33876
1.085 4.18501 18.5067 1.33966
1.09 4.1884 18.5369 1.33744
1.095 4.18799 18.5333 1.33789
1.1 4.19043 18.5523 1.33754
0.91 4.18924 18.5445 1.33756
0.915 4.18726 18.5299 1.33834
0.92 4.18885 18.5446 1.33718
0.925 4.19005 18.5558 1.33677
0.93 4.19048 18.5643 1.33573
0.935 4.18982 18.5656 1.33685
0.94 4.19054 18.5726 1.33544
0.945 4.19265 18.5897 1.33516
1.025 4.19512 18.6109 1.33376
1.03 4.19108 18.5771 1.33551
1.035 4.193 18.5941 1.33416
