0.295 3.97705 16.3231 2.20695
0.3 3.97549 16.3026 2.20231
0.305 3.9704 16.2536 2.19341
0.31 3.96557 16.2092 2.18603
0.315 3.96346 16.1871 2.18386
0.32 3.96005 16.1548 2.17676
0.325 3.9574 16.1291 2.17192
0.33 3.95438 16.1006 2.16661
0.335 3.95307 16.0859 2.16449
0.34 3.95254 16.0787 2.16192
0.345 3.94962 16.0528 2.15584
0.35 3.94762 16.0322 2.15243
0.355 3.94585 16.0145 2.14973
0.36 3.94091 15.9695 2.14365
0.365 3.93994 15.961 2.14158
0.37 3.94512 16.0078 2.14927
0.375 3.94169 15.9756 2.14415
0.455 3.94074 15.9663 2.14078
0.46 3.94176 15.9753 2.14134
0.465 3.93795 15.9392 2.13706
0.47 3.93567 15.9148 2.1298
0.475 3.93351 15.8964 2.12596
0.52 3.93047 15.8678 2.12153
0.525 3.9329 15.888 2.12162
0.53 3.92962 15.8576 2.1162
0.385 3.92908 15.8514 2.11515
0.39 3.93123 15.8718 2.11731
0.395 3.92697 15.8349 2.11276
0.4 3.92787 15.8398 2.11151
0.405 3.92544 15.8178 2.10978
0.41 3.92487 15.8109 2.10571
0.415 3.92292 15.7942 2.1031
0.42 3.92269 15.7909 2.10159
0.425 3.9209 15.7746 2.09898
0.43 3.91993 15.7652 2.09728
0.585 3.91863 15.7518 2.09216
0.55 3.92799 15.8446 2.11781
0.555 3.92789 15.8422 2.11604
0.56 3.92717 15.8343 2.11392
0.455 3.92478 15.8093 2.1068
0.46 3.92284 15.7937 2.10356
0.66 3.91951 15.7614 2.09648
0.665 3.92232 15.7883 2.1042
0.67 3.92318 15.7948 2.10396
0.675 3.92283 15.7915 2.10045
0.68 3.92043 15.7687 2.09642
0.49 3.92172 15.781 2.09988
0.69 3.92023 15.7664 2.09544
0.5 3.92032 15.7671 2.09751
0.505 3.92282 15.7911 2.10352
0.51 3.91961 15.7626 2.09957
0.515 3.92089 15.7735 2.09767
0.52 3.91862 15.7522 2.09658
0.525 3.91905 15.7558 2.09682
0.53 3.91804 15.7463 2.09273
0.535 3.9165 15.7336 2.09041
0.54 3.91569 15.7243 2.08672
0.545 3.91511 15.7191 2.08609
0.55 3.91528 15.7205 2.08354
0.555 3.91338 15.7027 2.07983
0.56 3.91377 15.706 2.07847
0.565 3.91268 15.6954 2.0784
0.57 3.91144 15.6839 2.07536
0.575 3.90897 15.6606 2.07243
0.58 3.90892 15.6614 2.07153
0.585 3.90853 15.6561 2.07119
0.59 3.90873 15.6581 2.06849
0.595 3.9087 15.6592 2.06727
0.6 3.90688 15.641 2.06218
0.605 3.91007 15.6719 2.07283
0.61 3.91104 15.6776 2.07404
0.615 3.90829 15.6546 2.06798
0.62 3.90855 15.6549 2.06882
0.625 3.90733 15.6448 2.06464
0.63 3.90928 15.6613 2.06681
0.635 3.90693 15.6408 2.06395
0.64 3.90553 15.6276 2.06341
0.645 3.90703 15.6414 2.0619
0.65 3.90605 15.6319 2.06236
0.655 3.9065 15.6358 2.05959
0.66 3.90428 15.6163 2.05701
0.665 3.90397 15.6129 2.05562
0.67 3.90253 15.6 2.05138
0.675 3.90161 15.5912 2.05108
0.68 3.90175 15.592 2.04922
0.685 3.90127 15.5875 2.04754
0.69 3.90533 15.626 2.05761
0.695 3.90431 15.6156 2.05474
0.7 3.90284 15.6009 2.05259
0.705 3.90196 15.5952 2.05086
0.865 3.90335 15.607 2.05126
0.87 3.90349 15.607 2.0527
0.875 3.90255 15.5983 2.04951
0.88 3.90089 15.5836 2.04722
0.845 3.89985 15.5754 2.04575
0.85 3.9002 15.5774 2.04657
0.855 3.90037 15.5789 2.04474
0.945 3.8995 15.5704 2.0433
0.95 3.89839 15.5607 2.04101
0.955 3.89882 15.5636 2.04096
0.84 3.89934 15.5709 2.03929
0.845 3.89969 15.5722 2.04204
0.85 3.90019 15.5781 2.04113
0.855 3.89841 15.5609 2.04079
0.86 3.89965 15.5735 2.04176
0.865 3.89912 15.5676 2.03969
0.87 3.89879 15.5652 2.04046
0.875 3.89845 15.5605 2.0381
0.88 3.89738 15.5518 2.03687
0.885 3.89789 15.5558 2.0355
0.89 3.89726 15.5504 2.03395
0.895 3.89544 15.5337 2.03267
0.9 3.89829 15.5583 2.03422
0.905 3.89624 15.5416 2.03133
0.91 3.89682 15.5462 2.03267
0.915 3.89606 15.5392 2.03067
0.92 3.89735 15.5512 2.03045
0.925 3.8957 15.5361 2.03083
0.93 3.89624 15.5412 2.02871
0.935 3.89388 15.5199 2.02632
0.94 3.89539 15.5334 2.02567
0.945 3.89238 15.5068 2.02434
0.95 3.89408 15.5219 2.02489
0.955 3.89623 15.5411 2.02951
0.96 3.89637 15.5429 2.02788
0.965 3.8948 15.5298 2.02736
0.97 3.89429 15.5235 2.02549
0.975 3.89576 15.5362 2.02567
0.98 3.89456 15.5265 2.02581
0.985 3.89278 15.5099 2.02184
0.99 3.89402 15.5212 2.02392
0.995 3.89325 15.5143 2.02287
1 3.89453 15.5266 2.02124
1.005 3.89219 15.5039 2.01939
1.01 3.89162 15.4997 2.01718
1.015 3.89329 15.5154 2.01975
1.02 3.89294 15.5109 2.0183
1.025 3.8927 15.5092 2.01678
1.03 3.89201 15.5029 2.01765
1.035 3.89272 15.5089 2.01744
1.04 3.89258 15.5078 2.01772
1.045 3.89314 15.5122 2.01574
1.05 3.89389 15.5202 2.01813
1.055 3.89121 15.4971 2.01506
1.06 3.89008 15.4874 2.01094
1.065 3.88985 15.4847 2.00901
1.07 3.89027 15.4881 2.01218
1.075 3.89262 15.5089 2.0138
1.08 3.89672 15.5501 2.02387
1.085 3.8947 15.5312 2.02172
1.09 3.89929 15.5752 2.03049
1.095 3.90133 15.5925 2.02987
1.1 3.90121 15.5933 2.02976
1.105 3.90231 15.605 2.03411
1.11 3.904 15.6214 2.03821
1.195 3.90608 15.6411 2.04363
0.2 3.91203 15.6965 2.05377
0.205 3.91108 15.6899 2.05622
0.21 3.91443 15.7181 2.05997
0.215 3.91252 15.7009 2.05641
0.22 3.9121 15.7012 2.05912
0.225 3.9117 15.6958 2.05656
0.275 3.90035 15.5848 2.02963
0.28 3.89884 15.5715 2.02618
0.285 3.89923 15.5743 2.0266
0.29 3.91493 15.725 2.0601
0.295 3.91549 15.7313 2.06106
0.3 3.91586 15.7356 2.06416
0.305 3.91672 15.7445 2.06811
0.31 3.92002 15.7731 2.07665
0.315 3.92213 15.7946 2.08022
0.32 3.91979 15.7733 2.07592
1.16 3.95692 16.1293 2.15332
1.165 3.95842 16.1446 2.15651
1.17 3.95371 16.0993 2.14974
0.255 3.95151 16.0768 2.14624
0.26 3.93934 15.9601 2.12111
0.265 3.94008 15.9667 2.12136
0.27 3.91455 15.72 2.06667
0.275 3.9136 15.7111 2.06797
0.28 3.92416 15.8133 2.0884
0.285 3.93038 15.8727 2.10154
0.29 3.93099 15.8779 2.10297
0.295 3.92845 15.8554 2.1008
0.3 3.92977 15.8649 2.1032
0.305 3.93283 15.8931 2.10921
0.31 3.92955 15.8628 2.1056
0.315 3.93505 15.9165 2.11738
0.32 3.94036 15.9657 2.12871
0.325 3.93804 15.9447 2.12413
0.33 3.93837 15.9471 2.12559
0.335 3.93811 15.9446 2.12703
0.34 3.93505 15.9161 2.12344
0.345 3.93719 15.9332 2.12315
0.35 3.93358 15.9002 2.11819
0.355 3.93802 15.9437 2.1268
0.28 3.95801 16.1365 2.1701
0.285 3.96162 16.1694 2.17727
0.37 3.95352 16.0921 2.16425
0.375 3.95549 16.1095 2.1656
