1.125 3.92918 15.8753 1.47938
1.13 3.92878 15.8685 1.48045
1.135 3.92861 15.8642 1.48181
1.14 3.92575 15.8385 1.4836
1.145 3.92161 15.7886 1.48951
1.15 3.9192 15.7716 1.49148
1.155 3.92049 15.7828 1.49013
1.065 3.8851 15.4214 1.53727
1.07 3.88566 15.4239 1.53613
1.075 3.88735 15.4424 1.53296
1.175 3.89036 15.4732 1.52945
1.18 3.90085 15.5773 1.51566
1.185 3.90023 15.5737 1.51539
1.19 3.92747 15.8476 1.48054
1.195 3.92414 15.8146 1.48422
0.2 3.91303 15.7057 1.49741
0.205 3.909 15.6634 1.50386
0.21 3.90937 15.6658 1.50392
0.215 3.90737 15.6454 1.5059
0.22 3.90682 15.6402 1.50555
0.225 3.90355 15.6065 1.50929
0.23 3.90487 15.6155 1.50843
0.235 3.89846 15.5491 1.51574
0.24 3.89421 15.5078 1.52218
0.245 3.89429 15.5117 1.51961
0.25 3.89508 15.5139 1.51956
0.255 3.89268 15.4906 1.52195
0.26 3.8942 15.5052 1.52033
0.265 3.895 15.5135 1.51873
0.27 3.89376 15.5058 1.51943
0.275 3.89262 15.4906 1.52218
0.4 3.87605 15.3222 1.54435
0.405 3.86895 15.2492 1.55397
0.29 3.86931 15.2541 1.55268
0.295 3.87456 15.301 1.5459
0.3 3.86964 15.251 1.55098
0.305 3.87165 15.2696 1.5481
0.31 3.8735 15.289 1.54529
0.315 3.87545 15.3069 1.54257
0.32 3.87629 15.317 1.53992
0.285 3.86667 15.2187 1.55666
0.33 3.86218 15.1753 1.56199
0.295 3.86694 15.2259 1.55408
0.34 3.86516 15.2059 1.55698
0.305 3.86991 15.2537 1.54946
0.31 3.86827 15.2358 1.55254
0.315 3.86922 15.2445 1.5511
0.32 3.86948 15.2523 1.54941
0.325 3.87203 15.2727 1.54717
0.33 3.87513 15.3 1.54341
0.335 3.87284 15.2826 1.54492
0.34 3.8765 15.3157 1.54097
0.345 3.87931 15.3451 1.53527
0.35 3.88002 15.3545 1.53405
0.355 3.8796 15.3491 1.53465
0.36 3.8827 15.3765 1.53174
0.365 3.87846 15.3401 1.53523
0.37 3.87933 15.3495 1.53475
0.375 3.88125 15.3688 1.53184
0.38 3.88601 15.4088 1.5268
0.385 3.88574 15.4139 1.52503
0.39 3.88827 15.4343 1.52313
0.395 3.89096 15.4594 1.51886
0.4 3.89157 15.469 1.51862
0.405 3.89498 15.4998 1.51398
0.41 3.88635 15.422 1.52408
0.415 3.88617 15.4219 1.52416
0.42 3.88825 15.4405 1.52194
0.425 3.89289 15.4782 1.51732
0.43 3.89195 15.4742 1.51778
0.435 3.89311 15.4832 1.51663
0.44 3.89447 15.4962 1.51484
0.445 3.89591 15.5117 1.51263
0.45 3.89647 15.5202 1.5116
0.455 3.89764 15.5317 1.51104
0.46 3.89774 15.5339 1.50996
0.465 3.9003 15.5565 1.50727
0.47 3.90159 15.5707 1.5052
0.475 3.90103 15.5658 1.50544
0.48 3.90242 15.5803 1.5046
0.485 3.90393 15.5942 1.50248
0.49 3.90434 15.5992 1.50234
0.495 3.90637 15.6158 1.5006
0.5 3.90539 15.6129 1.49995
0.505 3.90798 15.6326 1.4979
0.51 3.9085 15.6408 1.49683
0.515 3.90917 15.6489 1.49635
0.52 3.91273 15.6778 1.49198
0.525 3.9125 15.6795 1.49239
0.53 3.91334 15.6875 1.49226
0.535 3.91397 15.695 1.49077
0.54 3.90848 15.6417 1.49584
0.545 3.90874 15.6447 1.49565
0.55 3.91055 15.6594 1.49427
0.555 3.9107 15.6617 1.49388
0.5 3.90935 15.6513 1.49567
0.505 3.90938 15.6561 1.49505
0.57 3.91267 15.6859 1.49147
0.515 3.91099 15.6731 1.49256
0.58 3.91628 15.721 1.48765
0.525 3.91533 15.7146 1.48788
0.53 3.91725 15.7299 1.48622
0.535 3.91802 15.7382 1.48601
0.54 3.92014 15.7571 1.48382
0.545 3.91892 15.7522 1.48423
0.55 3.92057 15.7663 1.48276
0.555 3.92105 15.772 1.48213
0.56 3.91976 15.7629 1.48245
0.565 3.92223 15.7859 1.48059
0.57 3.9222 15.7886 1.48035
0.575 3.92487 15.8104 1.47759
0.58 3.92592 15.8202 1.47702
0.645 3.92665 15.8298 1.47544
0.65 3.92344 15.7993 1.47858
0.655 3.92314 15.7995 1.47875
0.66 3.92553 15.8163 1.47811
0.665 3.92641 15.8279 1.47639
0.67 3.92745 15.8375 1.47538
0.675 3.9279 15.8402 1.47464
0.68 3.92801 15.8433 1.47439
0.685 3.92933 15.8552 1.47333
0.69 3.9286 15.8561 1.47311
0.655 3.92999 15.8657 1.47206
0.66 3.93087 15.8742 1.47165
0.665 3.93023 15.8714 1.47121
0.67 3.92546 15.8172 1.47698
0.795 3.92638 15.8284 1.47614
0.8 3.92748 15.8395 1.47509
0.805 3.92851 15.8499 1.47343
0.81 3.92881 15.8486 1.47405
0.815 3.93004 15.8626 1.47207
0.82 3.92822 15.8509 1.47296
0.825 3.93026 15.8692 1.47169
0.83 3.93048 15.8717 1.47166
0.835 3.93187 15.8844 1.47066
0.84 3.93035 15.8743 1.47119
0.975 3.93148 15.8833 1.47064
0.98 3.93295 15.8924 1.46881
0.985 3.9345 15.9093 1.4681
0.99 3.93289 15.8997 1.46929
0.995 3.93344 15.9051 1.46826
1 3.93405 15.9137 1.4673
1.005 3.93719 15.9373 1.46559
1.01 3.93694 15.9395 1.46496
1.015 3.93606 15.9325 1.4662
1.02 3.93698 15.9426 1.4647
1.025 3.93715 15.941 1.46484
1.03 3.93806 15.9544 1.46397
1.035 3.93774 15.9502 1.46373
1.04 3.93646 15.9432 1.46498
1.045 3.9393 15.9648 1.4627
1.05 3.93939 15.9673 1.46208
1.055 3.93674 15.9453 1.46403
1.06 3.93433 15.9162 1.46676
1.065 3.93537 15.9253 1.46646
1.07 3.93928 15.9591 1.4631
0.9 3.93744 15.9464 1.46373
0.905 3.9385 15.9581 1.46246
0.91 3.93769 15.9481 1.46452
0.915 3.93795 15.9523 1.46436
0.92 3.93887 15.9625 1.46228
0.925 3.94126 15.9848 1.46043
0.975 3.94256 16.0011 1.4591
0.98 3.94099 15.9866 1.46061
0.94 3.93881 15.9693 1.46213
1.12 3.94129 15.9894 1.46004
1.125 3.94244 15.9967 1.45953
1.13 3.94231 15.997 1.45953
1.135 3.94193 15.9958 1.45952
1.14 3.94377 16.0112 1.45829
1.145 3.94539 16.0266 1.45642
1.15 3.94271 16.008 1.45858
1.155 3.94592 16.0349 1.45595
1.16 3.94419 16.0225 1.45723
1.165 3.94567 16.0371 1.45618
1.17 3.94706 16.0501 1.45482
1.175 3.94629 16.0445 1.45504
1.18 3.94782 16.0604 1.45414
1.185 3.94873 16.0672 1.45352
1.19 3.94883 16.0715 1.45315
1.195 3.94885 16.073 1.45272
0.2 3.93657 15.9489 1.46987
0.205 3.93556 15.9398 1.47004
0.21 3.93835 15.963 1.46804
0.215 3.94098 15.9911 1.46379
0.22 3.94259 16.0061 1.46172
0.225 3.93693 15.9549 1.46828
0.23 3.9378 15.9585 1.46795
0.235 3.93856 15.9684 1.46698
0.24 3.94075 15.988 1.46458
0.245 3.9399 15.9863 1.46457
0.25 3.89481 15.5235 1.52596
0.255 3.89542 15.5257 1.52557
0.26 3.89537 15.5287 1.52447
0.265 3.89322 15.5067 1.52723
0.27 3.89429 15.5117 1.52667
0.275 3.89406 15.5112 1.52652
0.28 3.89308 15.5053 1.52615
0.285 3.89161 15.4902 1.52833
0.29 3.89255 15.4967 1.52646
