1.19 3.79372 14.5443 1.61235
1.195 3.75356 14.1392 1.72305
0.2 3.74459 14.0512 1.74488
0.205 3.74447 14.0499 1.74489
0.215 3.74426 14.0476 1.74556
0.215 3.74468 14.0515 1.74383
0.22 3.74486 14.0538 1.7414
0.225 3.74553 14.0594 1.73736
0.23 3.7459 14.0632 1.73569
0.235 3.74614 14.0658 1.73353
0.24 3.74696 14.0729 1.72941
0.245 3.74759 14.0784 1.72566
0.25 3.74791 14.082 1.72385
0.26 3.74878 14.0892 1.71927
0.265 3.74862 14.0888 1.71994
0.27 3.74913 14.0936 1.71743
0.275 3.75018 14.1022 1.7133
0.28 3.7508 14.1079 1.70978
0.285 3.75102 14.1107 1.70888
0.29 3.75192 14.1182 1.70496
0.295 3.75169 14.1177 1.70568
0.3 3.75224 14.1226 1.70289
0.305 3.75324 14.1312 1.69967
0.31 3.75359 14.1351 1.69831
0.315 3.75464 14.144 1.69395
0.32 3.75393 14.1386 1.69688
0.325 3.75473 14.1455 1.69267
0.345 3.75458 14.1457 1.69269
0.35 3.75542 14.1529 1.69014
0.355 3.75591 14.1578 1.68841
0.36 3.75718 14.1682 1.68482
0.365 3.75755 14.1718 1.68327
0.37 3.75743 14.1723 1.68255
0.375 3.75849 14.181 1.67953
0.38 3.75878 14.1846 1.67954
0.37 3.75959 14.1913 1.6766
0.39 3.75983 14.1945 1.67517
0.395 3.75939 14.1913 1.67593
0.39 3.75986 14.196 1.67485
0.39 3.76106 14.206 1.67097
0.395 3.76181 14.2126 1.66944
0.4 3.76219 14.2167 1.66827
0.405 3.76315 14.2249 1.66575
0.41 3.76314 14.2262 1.66549
0.415 3.76394 14.2334 1.66358
0.42 3.76377 14.2335 1.6626
0.44 3.7635 14.2299 1.66322
0.445 3.76353 14.2312 1.66378
0.45 3.76444 14.2389 1.66101
0.455 3.76466 14.2415 1.65994
0.46 3.76588 14.2518 1.65739
0.465 3.76633 14.2565 1.65592
0.47 3.76641 14.2581 1.65563
0.475 3.76698 14.2635 1.65389
0.455 3.76736 14.2676 1.65237
0.46 3.76865 14.2776 1.65035
0.465 3.76837 14.2771 1.64992
0.47 3.76885 14.2819 1.6485
0.5 3.76993 14.2908 1.64632
0.505 3.76934 14.2874 1.64792
0.485 3.76998 14.2933 1.64617
0.49 3.77084 14.3008 1.64399
0.495 3.77102 14.3032 1.64362
0.5 3.77152 14.308 1.64258
0.505 3.77236 14.315 1.6403
0.535 3.77265 14.3185 1.63888
0.54 3.77321 14.3235 1.63827
0.52 3.77282 14.322 1.63871
0.55 3.77391 14.3311 1.63675
0.555 3.77373 14.3306 1.63649
0.56 3.7747 14.3391 1.63465
0.565 3.77513 14.3434 1.63341
0.57 3.77492 14.3425 1.63365
0.575 3.77585 14.3504 1.63186
0.58 3.77589 14.3519 1.63184
0.585 3.77714 14.3621 1.62899
0.59 3.77605 14.3533 1.63119
0.595 3.77645 14.3577 1.62955
0.6 3.77697 14.3624 1.62887
0.605 3.7776 14.3683 1.62789
0.61 3.77778 14.3705 1.62717
0.615 3.77834 14.3761 1.62579
0.62 3.77935 14.3849 1.62405
0.625 3.77853 14.3801 1.62507
0.63 3.77985 14.3905 1.62287
0.635 3.78071 14.3977 1.62156
0.64 3.78024 14.3945 1.62182
0.645 3.78119 14.4028 1.61981
0.65 3.7806 14.3998 1.62101
0.63 3.78117 14.4045 1.61939
0.635 3.78222 14.4135 1.61773
0.64 3.78182 14.412 1.61807
0.645 3.78244 14.4178 1.61699
0.65 3.78302 14.4231 1.61608
0.655 3.78379 14.4298 1.61451
0.66 3.78314 14.4254 1.61486
0.665 3.78386 14.4318 1.61409
0.67 3.7845 14.4377 1.61298
0.675 3.78525 14.4442 1.61159
0.68 3.78427 14.4369 1.61249
0.685 3.78543 14.4462 1.6111
0.69 3.78536 14.4473 1.61113
0.72 3.78564 14.4499 1.61036
0.725 3.78614 14.4549 1.6096
0.745 3.78707 14.4632 1.6076
0.75 3.7864 14.4581 1.60937
0.755 3.78768 14.4685 1.60693
0.745 3.78768 14.4697 1.60667
0.765 3.78781 14.4717 1.60597
0.77 3.78773 14.4719 1.60601
0.775 3.78833 14.4777 1.60542
0.78 3.78871 14.4814 1.60464
0.785 3.78869 14.4824 1.60469
0.79 3.78872 14.4834 1.60421
0.78 3.78956 14.4903 1.60281
0.785 3.79033 14.498 1.60153
0.805 3.79103 14.5044 1.6005
0.81 3.79026 14.4987 1.60132
0.815 3.79133 14.5077 1.60018
0.82 3.79173 14.5115 1.59893
0.825 3.79171 14.5113 1.59863
0.83 3.79169 14.5117 1.59917
0.835 3.79204 14.5153 1.59812
0.84 3.79269 14.521 1.59725
0.845 3.79247 14.5207 1.59735
0.85 3.79312 14.5263 1.59595
0.855 3.79329 14.5286 1.59606
0.86 3.79277 14.5256 1.597
0.865 3.79435 14.5384 1.59407
0.87 3.79397 14.5365 1.59426
0.835 3.79374 14.5347 1.5951
0.84 3.79477 14.5437 1.59323
0.845 3.79522 14.5478 1.59252
0.85 3.79464 14.5441 1.59344
0.855 3.79449 14.5441 1.59347
0.86 3.79609 14.5569 1.5913
0.865 3.79593 14.5566 1.59124
0.87 3.79586 14.5571 1.59155
0.875 3.79623 14.5612 1.59044
0.88 3.79709 14.5686 1.58873
0.885 3.79734 14.5713 1.58843
0.89 3.79716 14.5703 1.58873
0.895 3.79637 14.5657 1.59025
0.94 3.79787 14.5776 1.58784
0.94 3.79795 14.579 1.5874
0.945 3.79741 14.5744 1.58867
0.955 3.79806 14.5799 1.58772
0.96 3.79869 14.586 1.58652
0.96 3.79896 14.5889 1.58564
0.965 3.79892 14.589 1.58644
0.97 3.80029 14.5998 1.58383
0.98 3.7995 14.5942 1.58469
0.985 3.80086 14.6065 1.58352
0.99 3.80065 14.6055 1.583
0.99 3.80077 14.6071 1.58312
0.985 3.80086 14.6079 1.58286
0.99 3.80006 14.6029 1.58401
1.005 3.80187 14.6176 1.58159
1.01 3.80168 14.6166 1.5821
1.005 3.80191 14.6195 1.58107
1.01 3.80188 14.62 1.58145
1.015 3.80281 14.6281 1.57995
1.02 3.80244 14.6262 1.58039
1.025 3.80224 14.6252 1.58078
1.04 3.80341 14.635 1.57892
1.045 3.80262 14.6288 1.58031
1.05 3.80258 14.6291 1.58013
1.055 3.80318 14.6345 1.57891
1.06 3.80295 14.6338 1.57935
1.065 3.80396 14.6424 1.57799
1.07 3.8044 14.6456 1.57686
1.075 3.80457 14.6483 1.57713
1.08 3.80365 14.6419 1.57818
1.085 3.80499 14.6529 1.57622
1.09 3.80459 14.6508 1.57654
1.095 3.80532 14.6573 1.57586
1.1 3.80531 14.6578 1.57559
1.105 3.80505 14.656 1.57613
1.11 3.80565 14.661 1.57479
1.115 3.80475 14.6558 1.57656
1.12 3.80659 14.6706 1.57402
1.125 3.80733 14.6769 1.57315
1.13 3.80614 14.6684 1.57427
1.135 3.80679 14.6724 1.57337
1.14 3.80739 14.6782 1.57249
1.145 3.80673 14.6736 1.57342
1.15 3.80724 14.6786 1.57218
1.155 3.80749 14.6807 1.57231
1.16 3.80751 14.6819 1.57245
1.165 3.80809 14.6869 1.57166
1.17 3.80775 14.6849 1.57213
1.175 3.80869 14.6927 1.57058
1.18 3.80831 14.6906 1.57118
1.145 3.80837 14.6905 1.57066
1.15 3.80845 14.6926 1.57127
1.155 3.80386 14.6462 1.58416
1.16 3.79846 14.5946 1.59876
1.165 3.79659 14.5754 1.60392
1.17 3.79126 14.5186 1.62077
0.215 3.7847 14.454 1.63712
