1.17 4.14724 18.1118 1.35312
1.175 4.14154 18.0547 1.35767
1.18 4.13697 18.0058 1.36122
1.185 4.13628 18.0017 1.36231
1.19 4.13182 17.9541 1.36606
1.195 4.13068 17.9394 1.36826
0.2 4.11664 17.7892 1.37977
0.205 4.11239 17.7459 1.38266
0.21 4.10885 17.7113 1.38548
0.215 4.11333 17.7623 1.3815
0.22 4.08182 17.4165 1.41038
0.225 4.08013 17.3961 1.41137
0.23 4.07641 17.3533 1.41537
0.235 4.05351 17.1104 1.4348
0.24 4.05139 17.0812 1.43736
0.245 4.0567 17.1424 1.43212
0.25 4.03712 16.9346 1.44838
0.255 4.03652 16.9193 1.44952
0.26 4.03099 16.8705 1.45198
0.265 4.06433 17.2217 1.42389
0.27 4.04582 17.0239 1.44034
0.275 4.04724 17.0346 1.43954
0.28 4.01142 16.6566 1.46885
0.285 4.01286 16.6739 1.46801
0.29 4.01529 16.6949 1.46598
0.295 4.01807 16.7211 1.46406
0.25 4.01685 16.7123 1.46354
0.255 4.02079 16.745 1.46088
0.26 4.02056 16.7496 1.4596
0.265 4.02389 16.7809 1.45687
0.27 4.02577 16.7995 1.45412
0.275 4.0282 16.8242 1.453
0.28 4.02998 16.8369 1.45127
0.285 4.03237 16.8606 1.44921
0.29 4.03006 16.8469 1.44904
0.345 4.03299 16.8736 1.44749
0.315 4.03397 16.8841 1.44591
0.285 4.03553 16.9022 1.44421
0.29 4.0387 16.9269 1.44193
0.295 4.03933 16.9402 1.44051
0.3 4.04081 16.9532 1.43912
0.305 4.04233 16.9682 1.4375
0.31 4.04391 16.9865 1.4357
0.315 4.04616 17.0071 1.43469
0.32 4.04745 17.0263 1.43262
0.325 4.04629 17.0025 1.43568
0.33 4.04526 17.0023 1.43523
0.335 4.04415 16.9975 1.43451
0.34 4.04922 17.0379 1.4315
0.345 4.04927 17.0413 1.43154
0.35 4.04928 17.0464 1.43019
0.345 4.05305 17.0801 1.42755
0.35 4.05288 17.0771 1.42835
0.355 4.05637 17.1107 1.42568
0.42 4.05757 17.126 1.42336
0.425 4.05751 17.13 1.42359
0.43 4.05771 17.1335 1.42256
0.435 4.0602 17.1557 1.42039
0.44 4.0621 17.1746 1.41939
0.445 4.06307 17.1877 1.4181
0.45 4.06129 17.1696 1.41993
0.455 4.06583 17.2103 1.41637
0.46 4.06701 17.2281 1.41456
0.465 4.06779 17.2343 1.41388
0.47 4.06912 17.2465 1.41337
0.475 4.0712 17.268 1.41164
0.48 4.0721 17.2783 1.41108
0.485 4.07095 17.2772 1.4108
0.49 4.07179 17.2785 1.41143
0.495 4.07569 17.3172 1.40766
0.5 4.07637 17.3254 1.40719
0.505 4.07476 17.3101 1.40919
0.51 4.07729 17.3339 1.40609
0.515 4.07574 17.3246 1.40719
0.52 4.07886 17.348 1.40492
0.525 4.07849 17.3514 1.40484
0.53 4.08076 17.3757 1.40295
0.535 4.08124 17.3805 1.40256
0.54 4.08237 17.3915 1.40106
0.545 4.08382 17.4072 1.39994
0.55 4.08858 17.4523 1.39693
0.555 4.08723 17.4438 1.39752
0.56 4.08779 17.4499 1.39688
0.565 4.09045 17.4733 1.39573
0.57 4.09204 17.4877 1.39409
0.575 4.08873 17.4672 1.39581
0.58 4.09165 17.4903 1.39413
0.585 4.09105 17.4825 1.39447
0.59 4.0924 17.4923 1.39349
0.595 4.09345 17.5055 1.39347
0.6 4.09311 17.5049 1.39268
0.605 4.09463 17.5279 1.39094
0.61 4.0968 17.5448 1.39004
0.58 4.0965 17.5473 1.38984
0.585 4.09326 17.5095 1.39176
0.59 4.09473 17.5248 1.39109
0.595 4.0986 17.5594 1.38799
0.6 4.09745 17.5538 1.38915
0.605 4.09928 17.5727 1.38789
0.61 4.09827 17.5603 1.3878
0.595 4.10037 17.5762 1.3872
0.6 4.09839 17.5667 1.38791
0.625 4.10146 17.5934 1.38549
0.61 4.10306 17.6065 1.38523
0.635 4.10169 17.6006 1.38532
0.64 4.10206 17.6069 1.38503
0.625 4.10566 17.635 1.38347
0.63 4.10432 17.6284 1.38332
0.635 4.10537 17.6398 1.38258
0.66 4.10705 17.6568 1.38202
0.665 4.10651 17.6518 1.38227
0.67 4.10712 17.6629 1.38131
0.675 4.10779 17.669 1.38068
0.68 4.109 17.6789 1.37992
0.685 4.10941 17.6866 1.37947
0.705 4.1108 17.6995 1.37908
0.71 4.11225 17.7112 1.3776
0.715 4.11073 17.7025 1.378
0.72 4.11352 17.7251 1.37712
0.725 4.11117 17.7101 1.37781
0.73 4.11316 17.7295 1.37623
0.735 4.11384 17.7325 1.37657
0.74 4.11406 17.7379 1.37574
0.745 4.11427 17.7451 1.37558
0.75 4.11846 17.7761 1.37343
0.755 4.1171 17.772 1.37355
0.76 4.11863 17.7847 1.37279
0.765 4.11714 17.7758 1.37303
0.77 4.11942 17.7978 1.37171
0.73 4.12187 17.8207 1.36945
0.78 4.1213 17.8125 1.37061
0.74 4.1224 17.8293 1.36958
0.745 4.12137 17.8202 1.37067
0.75 4.12074 17.8183 1.37061
0.8 4.12329 17.8391 1.36903
0.805 4.12473 17.8592 1.36777
0.81 4.12428 17.8555 1.36817
0.77 4.12626 17.8723 1.36692
0.775 4.12445 17.8528 1.36755
0.78 4.12588 17.8699 1.36649
0.785 4.12779 17.8852 1.36593
0.87 4.12734 17.8812 1.36611
0.875 4.12535 17.8694 1.36724
0.88 4.12868 17.8958 1.36537
0.885 4.12758 17.8916 1.36522
0.89 4.12847 17.8985 1.3653
0.895 4.1282 17.9018 1.36459
0.9 4.1286 17.9049 1.36497
0.905 4.13172 17.9314 1.36291
0.91 4.13136 17.9308 1.36301
0.915 4.12911 17.9003 1.3647
0.92 4.12877 17.8981 1.36503
0.925 4.1278 17.8972 1.36552
0.93 4.12814 17.8958 1.36605
0.935 4.1301 17.9151 1.36395
0.94 4.1324 17.9351 1.36277
0.945 4.13182 17.9356 1.36281
0.95 4.13303 17.9459 1.36217
0.955 4.1313 17.9336 1.363
0.96 4.13554 17.969 1.36053
0.965 4.13538 17.968 1.36085
0.97 4.13435 17.9644 1.36064
0.975 4.13368 17.965 1.36062
0.98 4.13634 17.9864 1.35966
0.985 4.13478 17.9736 1.36036
0.99 4.13665 17.9892 1.35971
0.995 4.137 17.995 1.35919
1 4.13743 17.9983 1.35819
1.005 4.138 18.0075 1.35879
1.01 4.137 18.0015 1.35902
1.015 4.14168 18.0384 1.35618
1.02 4.14125 18.0368 1.35729
1.025 4.14078 18.0378 1.35643
1.03 4.1393 18.0291 1.35747
1.035 4.14327 18.0595 1.35487
1.04 4.14468 18.072 1.35469
1.045 4.14177 18.0525 1.35538
1.05 4.14238 18.0587 1.35509
0.98 4.14463 18.0743 1.35466
0.985 4.14397 18.0708 1.35515
0.99 4.14308 18.0643 1.35459
0.995 4.14346 18.0712 1.35429
1 4.14362 18.0734 1.35394
1.005 4.14476 18.0865 1.3533
1.01 4.14554 18.0931 1.35328
1.015 4.14508 18.0913 1.35293
1.04 4.14596 18.1017 1.35264
1.045 4.14832 18.1207 1.35147
1.05 4.14589 18.1018 1.35258
1.055 4.14501 18.0938 1.35277
1.06 4.14781 18.1165 1.35171
1.065 4.14912 18.1309 1.35128
1.07 4.15041 18.1435 1.34947
1.075 4.14912 18.1326 1.3508
1.08 4.14787 18.1243 1.35099
1.085 4.1466 18.1078 1.35242
1.09 4.14798 18.1208 1.3517
1.095 4.14894 18.1308 1.35059
1.1 4.14941 18.1369 1.35067
1.105 4.14885 18.1364 1.3511
