1.06 4.155 18.1965 1.35664
1.065 4.15411 18.1811 1.35842
1.07 4.15168 18.1581 1.36071
1.075 4.14845 18.1247 1.36225
1.08 4.15118 18.1433 1.36203
1.085 4.1528 18.1551 1.36137
1.09 4.13916 18.0245 1.3699
1.095 4.13566 17.9868 1.37289
1.1 4.13704 17.999 1.37283
1.105 4.13213 17.9478 1.37617
1.11 4.13058 17.9254 1.37832
1.115 4.12853 17.9061 1.37961
1.12 4.11784 17.7928 1.38819
1.125 4.12284 17.8398 1.38496
1.13 4.11723 17.7846 1.38829
1.135 4.11867 17.7901 1.38772
1.14 4.11363 17.743 1.39145
1.145 4.10279 17.6302 1.39976
1.15 4.1063 17.6555 1.398
1.155 4.10622 17.6603 1.39717
1.16 4.10144 17.6116 1.40033
1.165 4.10069 17.6022 1.40099
1.17 4.09826 17.5758 1.40259
1.175 4.08516 17.4308 1.41419
1.18 4.08313 17.4151 1.41511
1.185 4.08881 17.4678 1.41015
1.19 4.09409 17.5254 1.40618
1.195 4.0932 17.5105 1.40724
0.2 4.07916 17.3583 1.41888
0.205 4.08145 17.3829 1.41693
0.21 4.0779 17.3512 1.41849
0.215 4.07854 17.352 1.41842
0.22 4.0809 17.3763 1.41591
0.225 4.07882 17.3567 1.41751
0.23 4.07602 17.3227 1.42023
0.235 4.07849 17.3526 1.41745
0.24 4.08221 17.3915 1.41302
0.245 4.06115 17.1624 1.43189
0.22 4.05761 17.1281 1.43427
0.225 4.04232 16.9693 1.44998
0.23 4.0448 16.996 1.4473
0.32 4.0485 17.0302 1.44333
0.325 4.04741 17.0156 1.44485
0.33 4.04751 17.0227 1.44521
0.335 4.04983 17.0433 1.44179
0.34 4.0519 17.066 1.44046
0.345 4.05405 17.0904 1.43789
0.35 4.05612 17.1122 1.43599
0.355 4.05716 17.1234 1.43487
0.36 4.06104 17.1573 1.43179
0.365 4.05958 17.1508 1.43125
0.37 4.06454 17.1992 1.4276
0.375 4.0647 17.2044 1.42667
0.38 4.07136 17.2558 1.42307
0.385 4.07239 17.2711 1.42102
0.39 4.07124 17.2697 1.42175
0.395 4.07379 17.294 1.42005
0.4 4.07577 17.318 1.41813
0.405 4.0789 17.3469 1.415
0.41 4.0788 17.352 1.41431
0.415 4.08022 17.3649 1.41323
0.42 4.08489 17.4036 1.40991
0.425 4.08575 17.4142 1.40952
0.4 4.08641 17.4224 1.40856
0.405 4.08627 17.4289 1.40759
0.41 4.08826 17.4427 1.40686
0.415 4.08845 17.4485 1.40661
0.42 4.09265 17.488 1.40316
0.425 4.09502 17.5086 1.40133
0.43 4.09565 17.5172 1.40119
0.435 4.0938 17.5092 1.4014
0.44 4.09573 17.5268 1.39991
0.445 4.09734 17.5414 1.39908
0.38 4.09923 17.5632 1.39764
0.385 4.09176 17.4788 1.40389
0.39 4.09176 17.4843 1.40297
0.395 4.09319 17.4977 1.40224
0.4 4.09261 17.4981 1.40158
0.405 4.09445 17.518 1.40057
0.41 4.09828 17.5493 1.39802
0.515 4.09904 17.5585 1.39755
0.52 4.09992 17.5649 1.39738
0.525 4.09924 17.5653 1.396
0.53 4.10073 17.5781 1.39588
0.535 4.10239 17.5998 1.394
0.54 4.09751 17.5427 1.39911
0.57 4.09974 17.5633 1.3972
0.575 4.09735 17.5429 1.39874
0.58 4.09898 17.5599 1.39832
0.585 4.10037 17.5756 1.39625
0.59 4.10148 17.5872 1.39525
0.595 4.10403 17.6102 1.39428
0.6 4.10455 17.618 1.39252
0.605 4.10563 17.6289 1.39225
0.61 4.11052 17.6708 1.38894
0.615 4.10896 17.6655 1.38936
0.62 4.11227 17.6945 1.38775
0.625 4.11086 17.6908 1.38722
0.63 4.11375 17.7142 1.38548
0.635 4.11461 17.7285 1.3852
0.64 4.11351 17.7161 1.3856
0.645 4.11368 17.7209 1.38455
0.65 4.11824 17.7609 1.38221
0.655 4.11749 17.7616 1.3822
0.66 4.11856 17.7724 1.38207
0.665 4.11917 17.7753 1.3811
0.67 4.12026 17.7899 1.37982
0.56 4.12048 17.7965 1.37982
0.565 4.12415 17.8288 1.37728
0.685 4.12169 17.8169 1.37821
0.69 4.11924 17.7797 1.38119
0.695 4.12033 17.7932 1.37968
0.7 4.12066 17.8004 1.37871
0.705 4.12204 17.8149 1.37788
0.625 4.1241 17.8326 1.37645
0.63 4.12827 17.8694 1.3746
0.75 4.12758 17.8706 1.37486
0.755 4.12851 17.8825 1.37317
0.76 4.13106 17.9075 1.37179
0.765 4.12995 17.8934 1.37279
0.77 4.13096 17.9053 1.37182
0.775 4.13084 17.9093 1.37153
0.78 4.13386 17.9367 1.36964
0.785 4.13633 17.957 1.36836
0.79 4.134 17.9445 1.36898
0.795 4.13494 17.9537 1.36837
0.8 4.13627 17.9663 1.36835
0.805 4.13837 17.9875 1.36645
0.65 4.13665 17.9649 1.36794
0.655 4.13631 17.9716 1.36697
0.66 4.13914 17.9936 1.36554
0.665 4.1372 17.9854 1.36691
0.67 4.13923 18.0029 1.36518
0.675 4.14181 18.0283 1.36453
0.68 4.1442 18.0496 1.36238
0.685 4.14286 18.0429 1.36223
0.69 4.14383 18.0488 1.36239
0.695 4.14517 18.0658 1.36163
0.86 4.14454 18.0605 1.36108
0.865 4.14464 18.0591 1.36174
0.87 4.14379 18.0586 1.36183
0.875 4.14882 18.0952 1.35926
0.88 4.14705 18.0885 1.35945
0.885 4.14842 18.1031 1.35821
0.89 4.14866 18.11 1.35832
0.895 4.15166 18.1348 1.3572
0.9 4.14806 18.0963 1.3587
0.905 4.14742 18.0958 1.35924
0.91 4.14971 18.1136 1.35779
0.915 4.1517 18.1327 1.35704
0.92 4.15311 18.1451 1.3556
0.925 4.15086 18.1354 1.35653
0.93 4.15187 18.1437 1.35609
0.935 4.1509 18.1428 1.35702
0.94 4.15443 18.1647 1.35534
0.945 4.15253 18.1536 1.35575
0.95 4.15565 18.184 1.35343
0.955 4.15523 18.1795 1.35436
0.96 4.15642 18.1944 1.35367
0.965 4.15914 18.215 1.35173
0.97 4.16045 18.2325 1.35029
0.975 4.15946 18.2237 1.35156
0.98 4.16017 18.2288 1.35133
0.985 4.15896 18.2206 1.35111
0.99 4.15986 18.2347 1.3504
0.995 4.15948 18.232 1.35112
1 4.16185 18.2505 1.34932
1.005 4.16267 18.2638 1.34884
1.01 4.16228 18.2586 1.34932
1.015 4.16421 18.2722 1.34889
1.02 4.16321 18.2661 1.34912
1.025 4.16268 18.2668 1.34815
1.03 4.16369 18.2773 1.34875
1.035 4.16547 18.29 1.34765
1.04 4.16527 18.2915 1.34726
1.045 4.16485 18.2924 1.34744
1.05 4.16786 18.3165 1.34543
1.055 4.1658 18.3038 1.34697
1.06 4.1688 18.3287 1.34525
1.065 4.16992 18.3387 1.3446
1.07 4.16497 18.3058 1.34669
1.075 4.16792 18.3317 1.3448
0.93 4.16988 18.3424 1.34427
0.935 4.16856 18.3337 1.34412
0.94 4.16946 18.3441 1.34425
0.945 4.16977 18.351 1.34347
0.95 4.172 18.3701 1.3427
1.105 4.1735 18.3842 1.34256
1.11 4.16818 18.3308 1.34481
1.115 4.1718 18.362 1.34304
1.03 4.17037 18.3555 1.34348
1.125 4.17073 18.3585 1.34324
1.13 4.17147 18.3668 1.34256
1.045 4.17248 18.3769 1.34248
1.05 4.17645 18.4116 1.34004
1.055 4.17337 18.393 1.34111
1.06 4.17554 18.4131 1.33986
1.065 4.17578 18.4146 1.33936
1.16 4.17465 18.4031 1.34004
1.075 4.17316 18.3865 1.34185
