0.26 3.74144 14.0299 1.76635
0.265 3.74505 14.0673 1.74553
0.27 3.74078 14.022 1.76401
0.275 3.73953 14.0105 1.76664
0.28 3.73937 14.009 1.76625
0.285 3.74009 14.0154 1.76125
0.29 3.7393 14.0083 1.76699
0.295 3.73573 13.9717 1.78322
0.3 3.73614 13.9748 1.77922
0.305 3.731 13.9225 1.80355
0.31 3.73104 13.9228 1.80173
0.315 3.73112 13.9235 1.80027
0.32 3.73134 13.9253 1.79385
0.325 3.73134 13.9255 1.7929
0.33 3.73134 13.9257 1.79155
0.335 3.73166 13.9285 1.78391
0.34 3.73191 13.9307 1.78158
0.345 3.73223 13.9334 1.77815
0.35 3.73217 13.9333 1.77684
0.26 3.73167 13.9286 1.78562
0.265 3.73202 13.9317 1.78082
0.27 3.73215 13.9329 1.77901
0.275 3.73234 13.9349 1.77625
0.28 3.73258 13.937 1.77309
0.285 3.73283 13.9393 1.77044
0.29 3.73327 13.9432 1.76676
0.295 3.73326 13.9436 1.76553
0.3 3.73365 13.947 1.76144
0.305 3.73375 13.9482 1.76097
0.31 3.73394 13.95 1.75909
0.315 3.73446 13.9546 1.75434
0.32 3.73462 13.9564 1.75358
0.325 3.73491 13.9591 1.75122
0.33 3.73452 13.9556 1.75395
0.335 3.73473 13.9577 1.75229
0.34 3.73409 13.9513 1.75598
0.345 3.73409 13.9515 1.75578
0.35 3.73467 13.9565 1.75158
0.355 3.73484 13.9585 1.75018
0.36 3.73506 13.9608 1.74855
0.365 3.73516 13.9614 1.74809
0.37 3.73584 13.9681 1.74323
0.375 3.736 13.97 1.74278
0.38 3.73571 13.9676 1.74432
0.385 3.73619 13.9718 1.74121
0.39 3.73635 13.9736 1.74034
0.515 3.73669 13.9769 1.73815
0.52 3.73703 13.9793 1.73586
0.525 3.73755 13.9847 1.73286
0.41 3.73738 13.9837 1.73397
0.415 3.73796 13.9891 1.73126
0.42 3.73874 13.9958 1.72711
0.425 3.73888 13.9973 1.72624
0.43 3.73892 13.9983 1.72611
0.435 3.73935 14.0025 1.72412
0.44 3.73967 14.0059 1.72239
0.445 3.73994 14.0087 1.72102
0.45 3.74047 14.0131 1.71851
0.455 3.74044 14.0135 1.71882
0.46 3.74059 14.0155 1.71808
0.465 3.74128 14.0218 1.71462
0.47 3.74154 14.0245 1.71372
0.475 3.74173 14.0265 1.71288
0.48 3.74219 14.0305 1.7111
0.485 3.7429 14.0371 1.70799
0.49 3.74279 14.0369 1.70815
0.495 3.74301 14.0394 1.70757
0.5 3.74328 14.0421 1.70651
0.505 3.74385 14.0472 1.7043
0.51 3.7442 14.0502 1.70281
0.515 3.74401 14.0495 1.70341
0.64 3.74456 14.0552 1.70148
0.645 3.74473 14.0565 1.70101
0.53 3.74334 14.0424 1.70626
0.535 3.74461 14.0541 1.70116
0.54 3.74391 14.0486 1.70365
0.545 3.74447 14.0536 1.70197
0.55 3.74493 14.0577 1.69993
0.555 3.74527 14.0611 1.69859
0.56 3.74524 14.0615 1.69914
0.565 3.74535 14.0634 1.69843
0.59 3.74574 14.0671 1.69696
0.595 3.74658 14.0745 1.6939
0.6 3.74675 14.0766 1.69376
0.605 3.7464 14.0745 1.69499
0.61 3.74717 14.081 1.69195
0.615 3.74774 14.0862 1.69008
0.62 3.74782 14.0875 1.68973
0.625 3.74825 14.0912 1.68841
0.63 3.74848 14.0937 1.68752
0.635 3.74839 14.0936 1.6878
0.64 3.74895 14.0989 1.68598
0.615 3.7492 14.1012 1.68551
0.62 3.74965 14.1051 1.684
0.625 3.74949 14.1047 1.68451
0.63 3.74985 14.1078 1.68317
0.635 3.7498 14.108 1.68329
0.64 3.75028 14.1127 1.68211
0.645 3.74984 14.1082 1.68365
0.65 3.74965 14.1077 1.68365
0.655 3.75088 14.1182 1.6802
0.66 3.75097 14.1197 1.68005
0.665 3.75137 14.1234 1.67881
0.78 3.75148 14.1244 1.67825
0.785 3.75152 14.1259 1.67828
0.79 3.75129 14.1246 1.67892
0.795 3.75239 14.134 1.6755
0.8 3.75265 14.1366 1.67501
0.805 3.75303 14.1402 1.67388
0.77 3.75322 14.1427 1.67311
0.775 3.75233 14.1335 1.67585
0.78 3.75224 14.1336 1.67629
0.825 3.75279 14.1385 1.67449
0.83 3.75313 14.142 1.67337
0.835 3.75329 14.1441 1.67305
0.8 3.75365 14.1474 1.67156
0.805 3.75366 14.1484 1.67172
0.81 3.75445 14.1551 1.66971
0.815 3.75442 14.156 1.66959
0.82 3.75417 14.1542 1.67018
0.825 3.75494 14.1608 1.66837
0.83 3.75509 14.1626 1.66756
0.835 3.75501 14.1631 1.6682
0.84 3.75569 14.1689 1.66651
0.845 3.75561 14.168 1.66636
0.85 3.75608 14.1727 1.66524
0.855 3.75593 14.1725 1.66559
0.86 3.75662 14.1777 1.66349
0.865 3.75658 14.1788 1.664
0.935 3.75453 14.1579 1.66946
0.94 3.75699 14.1824 1.66259
0.945 3.75653 14.1794 1.66403
0.95 3.75546 14.1668 1.66731
0.89 3.75606 14.1725 1.66558
0.895 3.75672 14.1781 1.66332
0.9 3.75629 14.1757 1.66462
0.835 3.75664 14.1789 1.66377
0.84 3.75717 14.1838 1.6624
0.845 3.75731 14.186 1.66207
0.85 3.75764 14.1894 1.6611
0.855 3.75781 14.1915 1.66093
0.86 3.75816 14.1945 1.65984
0.895 3.75824 14.1963 1.65982
0.9 3.75806 14.1953 1.66018
0.905 3.75886 14.2026 1.65827
0.91 3.75833 14.1974 1.65972
0.915 3.75869 14.201 1.65865
0.96 3.75886 14.2031 1.65844
0.965 3.75863 14.2015 1.65874
0.97 3.75926 14.2072 1.65745
0.975 3.75925 14.2077 1.6571
0.98 3.75917 14.2077 1.65742
0.985 3.76009 14.215 1.65502
0.99 3.75986 14.2139 1.65557
0.995 3.7612 14.2249 1.65224
1 3.76025 14.2182 1.6546
1.005 3.76045 14.2206 1.65423
1.01 3.76025 14.2196 1.65502
1.015 3.76079 14.2244 1.65359
1.02 3.76099 14.2264 1.6528
1.025 3.76155 14.2316 1.6517
1.03 3.76173 14.2338 1.6514
1.055 3.76209 14.2374 1.65049
1.06 3.7618 14.2358 1.65112
1.065 3.76231 14.2404 1.65014
1.07 3.76218 14.2398 1.65018
1.075 3.76213 14.2401 1.65081
1.08 3.76267 14.2449 1.64926
1.085 3.76273 14.246 1.649
1.09 3.76312 14.2498 1.64807
1.095 3.76324 14.2512 1.64806
1.1 3.76353 14.2543 1.64745
1.105 3.76382 14.255 1.64666
1.11 3.76371 14.2547 1.64677
1.115 3.76296 14.2498 1.64868
1.12 3.76332 14.2529 1.64793
1.125 3.76455 14.2642 1.64458
1.13 3.76397 14.259 1.64628
1.135 3.76465 14.2653 1.64498
1.14 3.76409 14.2615 1.64615
1.145 3.76486 14.2681 1.64453
1.15 3.76481 14.2681 1.64433
1.155 3.75429 14.1599 1.70503
1.16 3.75377 14.1546 1.70774
1.165 3.75287 14.1469 1.70974
1.17 3.75363 14.1531 1.7065
1.175 3.75324 14.1496 1.70723
1.18 3.75006 14.1168 1.72523
1.185 3.74926 14.1103 1.7266
1.19 3.74956 14.1142 1.72317
1.195 3.75102 14.1278 1.71601
0.2 3.75796 14.1983 1.68292
0.205 3.75821 14.201 1.68087
0.21 3.75842 14.2032 1.6797
0.215 3.75836 14.2026 1.67872
0.22 3.75256 14.1438 1.70981
0.225 3.75325 14.15 1.70775
0.23 3.75225 14.1416 1.70862
0.235 3.75249 14.1416 1.70914
0.24 3.7517 14.1344 1.71104
