0.915 4.1576 18.2008 1.37354
0.92 4.15794 18.205 1.37385
0.925 4.15829 18.2131 1.37271
0.93 4.16245 18.256 1.37037
0.935 4.16824 18.3101 1.36583
0.94 4.16658 18.2966 1.36618
0.945 4.16745 18.3067 1.36609
0.95 4.16602 18.3018 1.36604
0.955 4.16778 18.3098 1.36534
0.96 4.16827 18.3199 1.36502
0.965 4.14478 18.0642 1.38295
0.97 4.14106 18.022 1.38566
0.975 4.14111 18.0172 1.38629
0.98 4.13718 17.9821 1.38765
0.985 4.13655 17.9799 1.38768
0.99 4.13627 17.9644 1.38932
0.995 4.13779 17.973 1.38876
1 4.1341 17.9443 1.39074
1.005 4.16377 18.2635 1.3676
0.985 4.16292 18.264 1.36716
0.99 4.21203 18.7935 1.33096
0.995 4.20643 18.7379 1.33536
1 4.20467 18.7145 1.33745
1.005 4.20731 18.7401 1.33556
1.01 4.2046 18.711 1.33693
1.085 4.19531 18.6232 1.34239
1.135 4.20186 18.688 1.33867
1.14 4.20344 18.6961 1.33838
1.145 4.1998 18.6537 1.34149
1.15 4.16789 18.3127 1.36659
1.155 4.1592 18.2215 1.37233
1.115 4.15865 18.217 1.37147
1.12 4.15607 18.1796 1.37352
1.125 4.15304 18.1509 1.3755
1.13 4.15138 18.1271 1.37717
1.135 4.14915 18.1024 1.37944
1.14 4.14519 18.0644 1.38106
1.145 4.14635 18.0628 1.38166
1.15 4.1422 18.0238 1.38326
0.2 4.1354 17.9562 1.38702
0.205 4.17453 18.3726 1.36004
0.21 4.17193 18.3564 1.36088
0.215 4.17282 18.3633 1.36063
0.315 4.17716 18.4067 1.35763
0.32 4.17276 18.3607 1.3605
0.325 4.1713 18.3434 1.36195
0.33 4.16832 18.3124 1.36281
0.335 4.17121 18.3471 1.36172
0.34 4.12452 17.8337 1.39731
0.345 4.12163 17.8044 1.39878
0.35 4.12002 17.7872 1.39963
0.355 4.11845 17.7651 1.40063
0.36 4.11809 17.762 1.40086
0.365 4.11669 17.7406 1.4029
0.37 4.11751 17.7435 1.40172
0.375 4.11857 17.7601 1.39986
0.38 4.11117 17.6872 1.40611
0.385 4.113 17.6959 1.40468
0.39 4.10962 17.6653 1.40691
0.395 4.10193 17.5859 1.41439
0.4 4.10125 17.581 1.41481
0.405 4.10757 17.6506 1.41004
0.41 4.11142 17.6861 1.40723
0.415 4.10818 17.6498 1.40895
0.375 4.10748 17.6451 1.40893
0.425 4.11028 17.676 1.4066
0.43 4.11223 17.6989 1.40409
0.435 4.11702 17.7424 1.40096
0.44 4.1206 17.7764 1.39876
0.445 4.12124 17.7922 1.39706
0.45 4.12371 17.8177 1.39472
0.455 4.12598 17.8408 1.39266
0.46 4.13023 17.8802 1.39022
0.465 4.13256 17.9002 1.38887
0.47 4.13463 17.9234 1.38725
0.475 4.13271 17.9094 1.38788
0.48 4.13782 17.9623 1.3839
0.485 4.1394 17.9741 1.38265
0.49 4.13918 17.9831 1.38222
0.495 4.14369 18.0219 1.37957
0.5 4.14399 18.0305 1.37877
0.505 4.14569 18.0438 1.37838
0.51 4.14704 18.0584 1.37611
0.515 4.15045 18.0845 1.37476
0.52 4.14807 18.0689 1.37591
0.525 4.15 18.0904 1.3737
0.53 4.15361 18.125 1.3713
0.535 4.15459 18.1383 1.3716
0.35 4.15472 18.1428 1.37038
0.355 4.15442 18.143 1.37049
0.55 4.15575 18.1613 1.36923
0.555 4.13036 17.8913 1.38873
0.515 4.13539 17.9336 1.38596
0.52 4.13433 17.9261 1.38601
0.57 4.13681 17.9507 1.38462
0.575 4.13831 17.9657 1.38363
0.63 4.13755 17.9624 1.38357
0.635 4.14152 17.9921 1.38212
0.64 4.1398 17.9894 1.38165
0.645 4.14346 18.0213 1.37934
0.65 4.14567 18.0491 1.37713
0.655 4.14722 18.063 1.3766
0.66 4.15011 18.0959 1.37357
0.665 4.15401 18.1319 1.37192
0.67 4.15411 18.1354 1.37154
0.675 4.15431 18.1432 1.37019
0.68 4.15385 18.1436 1.37026
0.685 4.15524 18.1567 1.36998
0.69 4.15938 18.1888 1.36711
0.695 4.15744 18.1832 1.36775
0.7 4.15769 18.1835 1.36757
0.705 4.16342 18.2396 1.36361
0.71 4.16416 18.2474 1.36275
0.715 4.16448 18.2491 1.36249
0.72 4.16879 18.2958 1.36083
0.725 4.1674 18.2917 1.35955
0.535 4.16495 18.2481 1.36306
0.54 4.16383 18.2449 1.36278
0.545 4.1657 18.2678 1.36156
0.55 4.16568 18.2675 1.36137
0.555 4.16695 18.2809 1.36089
0.56 4.17024 18.3115 1.35859
0.565 4.17085 18.3239 1.35797
0.57 4.17414 18.3519 1.35655
0.575 4.17237 18.3409 1.35647
0.58 4.17582 18.3744 1.35427
0.585 4.17928 18.4019 1.35288
0.59 4.17609 18.3824 1.35393
0.595 4.17648 18.3875 1.35406
0.6 4.17556 18.3798 1.3538
0.605 4.1785 18.4069 1.35265
0.61 4.18261 18.4429 1.35018
0.615 4.18232 18.4434 1.35014
0.62 4.18265 18.4525 1.34892
0.625 4.18517 18.4758 1.34813
0.63 4.1854 18.4855 1.34802
0.635 4.18665 18.4985 1.34649
0.64 4.18963 18.5222 1.34534
0.645 4.18836 18.5099 1.3465
0.65 4.18644 18.5028 1.3461
0.655 4.19161 18.5497 1.34408
0.66 4.19019 18.5414 1.34355
0.665 4.18494 18.4801 1.34803
0.67 4.18582 18.4937 1.34713
0.675 4.18565 18.4933 1.347
0.68 4.18798 18.5135 1.3456
0.685 4.18768 18.511 1.34569
0.69 4.18997 18.5357 1.34501
0.62 4.19079 18.5489 1.34371
0.625 4.18964 18.5308 1.34496
0.63 4.19367 18.5666 1.34245
0.635 4.19166 18.5553 1.34273
0.64 4.19145 18.5547 1.34257
0.645 4.19375 18.5778 1.34207
0.65 4.19402 18.5807 1.3411
0.655 4.19738 18.6119 1.33972
0.66 4.19868 18.6278 1.33861
0.665 4.19953 18.6394 1.33777
0.79 4.19746 18.6331 1.33872
0.795 4.19824 18.6276 1.33844
0.8 4.20082 18.6503 1.3376
0.805 4.20013 18.6484 1.33788
0.81 4.20281 18.6778 1.33603
0.815 4.20165 18.6707 1.33617
0.82 4.20437 18.6948 1.33484
0.825 4.20417 18.6961 1.33472
0.83 4.20821 18.7314 1.3326
0.835 4.20744 18.7307 1.33288
0.84 4.20642 18.727 1.33354
0.845 4.20975 18.7529 1.33136
0.755 4.21029 18.7611 1.33076
0.855 4.21351 18.7928 1.32945
1.01 4.20615 18.7211 1.33353
1.015 4.20669 18.7239 1.33326
0.87 4.20668 18.7273 1.33329
0.875 4.20426 18.6948 1.33528
0.88 4.2068 18.7121 1.33397
0.885 4.20391 18.6979 1.33457
0.89 4.20684 18.7233 1.33337
1.045 4.2073 18.7286 1.33384
1.05 4.20675 18.7202 1.33346
1.055 4.20902 18.7484 1.33192
1.06 4.20885 18.7515 1.33191
1.065 4.20898 18.7573 1.33156
1.07 4.20937 18.7637 1.33109
1.075 4.21273 18.7928 1.32915
1.08 4.21362 18.804 1.32829
1.085 4.21079 18.7735 1.33074
1.09 4.20987 18.7693 1.33122
1.095 4.21155 18.7861 1.32991
1.1 4.21702 18.836 1.32701
1.105 4.21562 18.8265 1.32773
1.11 4.21647 18.8371 1.32718
1.115 4.21641 18.8433 1.3275
1.12 4.21744 18.852 1.32591
1.125 4.21876 18.8698 1.32526
1.13 4.21807 18.8677 1.3257
1.135 4.22091 18.89 1.32452
1.14 4.22225 18.8986 1.32383
1.145 4.22045 18.8911 1.32445
