0.2 3.73435 13.9554 1.86195
0.205 3.73311 13.9424 1.86758
0.22 3.7329 13.9401 1.86546
0.225 3.73248 13.9364 1.86156
0.23 3.73233 13.9349 1.85885
0.24 3.73205 13.9323 1.85512
0.245 3.73187 13.9304 1.85335
0.25 3.73162 13.9281 1.85032
0.255 3.73137 13.9258 1.8466
0.26 3.7313 13.925 1.84451
0.265 3.73112 13.9233 1.84204
0.27 3.73099 13.9221 1.83819
0.275 3.7309 13.9213 1.83726
0.28 3.73076 13.92 1.83338
0.28 3.73068 13.9192 1.82966
0.285 3.7306 13.9184 1.82823
0.295 3.7305 13.9176 1.82621
0.295 3.73051 13.9175 1.82382
0.305 3.73049 13.9173 1.82093
0.305 3.73043 13.9168 1.81706
0.315 3.73048 13.9172 1.81619
0.315 3.73046 13.917 1.81384
0.325 3.73046 13.917 1.81348
0.325 3.73048 13.9172 1.80759
0.33 3.7305 13.9174 1.80685
0.335 3.73061 13.9184 1.80356
0.34 3.7306 13.9184 1.8034
0.345 3.73063 13.9187 1.80137
0.35 3.73075 13.9197 1.79875
0.355 3.73081 13.9203 1.79719
0.36 3.7309 13.9212 1.7956
0.365 3.73099 13.9221 1.79264
0.37 3.73102 13.9225 1.79257
0.375 3.73114 13.9236 1.78982
0.38 3.73124 13.9246 1.7871
0.385 3.73129 13.925 1.78753
0.39 3.73136 13.9258 1.78621
0.395 3.73143 13.9266 1.78493
0.4 3.73166 13.9286 1.78174
0.405 3.73179 13.9299 1.77981
0.41 3.73187 13.9306 1.77906
0.415 3.73192 13.9313 1.77769
0.42 3.73222 13.9339 1.77463
0.425 3.73239 13.9355 1.77313
0.43 3.7322 13.9344 1.77535
0.435 3.73242 13.9364 1.77267
0.44 3.73285 13.94 1.76793
0.445 3.73296 13.9412 1.76815
0.45 3.73288 13.9409 1.76806
0.46 3.73332 13.9446 1.76518
0.465 3.73325 13.9443 1.76479
0.47 3.73342 13.9459 1.76326
0.475 3.73341 13.9463 1.76393
0.48 3.73388 13.9502 1.75948
0.485 3.7339 13.9508 1.75963
0.49 3.73412 13.9529 1.75808
0.495 3.73436 13.9551 1.75625
0.5 3.73455 13.9569 1.75385
0.505 3.73476 13.959 1.7526
0.51 3.73463 13.9585 1.75391
0.515 3.73484 13.9605 1.75301
0.52 3.7355 13.966 1.74751
0.525 3.73544 13.9657 1.74825
0.53 3.73548 13.9665 1.74791
0.535 3.73568 13.9684 1.74701
0.54 3.73585 13.9702 1.74607
0.545 3.73635 13.9744 1.74268
0.55 3.7361 13.9731 1.74406
0.555 3.73638 13.9758 1.74271
0.56 3.73667 13.9785 1.74061
0.565 3.73662 13.9786 1.74072
0.57 3.7371 13.9828 1.73845
0.575 3.73715 13.9836 1.73899
0.58 3.73751 13.9869 1.73625
0.585 3.73766 13.9885 1.73521
0.59 3.73797 13.9913 1.73322
0.595 3.73795 13.9917 1.73356
0.6 3.73839 13.9954 1.73139
0.605 3.73857 13.9973 1.72988
0.61 3.73824 13.9953 1.73249
0.615 3.73876 13.9997 1.72944
0.62 3.73915 14.0032 1.72773
0.625 3.73913 14.0035 1.72819
0.63 3.73945 14.0064 1.72597
0.635 3.73921 14.0051 1.7273
0.64 3.73968 14.0093 1.72555
0.64 3.7399 14.0113 1.72398
0.645 3.74009 14.0132 1.72316
0.655 3.74017 14.0145 1.72324
0.66 3.74041 14.0168 1.72201
0.665 3.7406 14.0188 1.72151
0.67 3.74102 14.0224 1.71878
0.675 3.74104 14.0231 1.71942
0.68 3.74138 14.0262 1.71752
0.69 3.7415 14.0277 1.71701
0.695 3.74139 14.0266 1.71745
0.7 3.74133 14.0266 1.71777
0.705 3.74196 14.0319 1.71515
0.71 3.74197 14.0324 1.71526
0.715 3.74183 14.0319 1.71601
0.72 3.74241 14.0369 1.71405
0.725 3.74224 14.0361 1.71408
0.73 3.74253 14.0388 1.71275
0.735 3.7429 14.0422 1.71211
0.74 3.74305 14.0438 1.71119
0.745 3.74344 14.0473 1.70975
0.75 3.74327 14.0464 1.71014
0.755 3.74355 14.049 1.70895
0.76 3.74416 14.0542 1.70643
0.765 3.74371 14.0514 1.70847
0.77 3.74397 14.0539 1.70785
0.775 3.74435 14.0574 1.70653
0.78 3.74453 14.0592 1.7057
0.785 3.74458 14.0601 1.70527
0.79 3.74456 14.0606 1.70539
0.795 3.74459 14.0613 1.70507
0.8 3.74537 14.0676 1.70202
0.805 3.74549 14.0691 1.7018
0.81 3.74557 14.0702 1.70189
0.815 3.74588 14.0731 1.70078
0.795 3.7457 14.0717 1.70129
0.8 3.74652 14.0786 1.69806
0.805 3.74621 14.0766 1.69907
0.81 3.74622 14.0772 1.69955
0.815 3.74658 14.0805 1.69827
0.82 3.74683 14.083 1.69791
0.825 3.74675 14.0829 1.69769
0.83 3.74707 14.0859 1.69651
0.835 3.74708 14.0865 1.6967
0.84 3.74743 14.0896 1.69509
0.845 3.74692 14.086 1.6968
0.85 3.74751 14.0911 1.69518
0.855 3.74786 14.0942 1.69418
0.86 3.74772 14.0936 1.69434
0.865 3.74825 14.098 1.69217
0.87 3.74784 14.0955 1.69455
0.875 3.74823 14.099 1.69292
0.88 3.74811 14.0987 1.69381
0.89 3.74848 14.1019 1.69204
0.895 3.74859 14.103 1.69209
0.9 3.74846 14.1023 1.69242
0.905 3.74861 14.1042 1.69216
0.91 3.7492 14.1091 1.69003
0.915 3.74952 14.1122 1.68933
0.92 3.74965 14.1136 1.68857
0.925 3.74931 14.1116 1.68983
0.93 3.74968 14.1148 1.68789
0.935 3.75034 14.1205 1.68617
0.94 3.75013 14.1193 1.68721
0.945 3.75011 14.1197 1.68749
0.95 3.75025 14.1211 1.68643
0.955 3.75102 14.1278 1.68453
0.96 3.75101 14.1283 1.68498
0.965 3.7506 14.1256 1.68607
0.97 3.75089 14.1284 1.68525
0.975 3.75089 14.1286 1.68463
0.98 3.75158 14.1345 1.68265
0.985 3.7515 14.1345 1.68323
0.99 3.75143 14.1343 1.6839
0.995 3.75161 14.1362 1.68328
1 3.7518 14.138 1.68243
1.005 3.75229 14.1424 1.68099
1.01 3.75203 14.1406 1.68097
1.015 3.75263 14.1461 1.68033
1.02 3.75277 14.1474 1.67901
1.025 3.75259 14.1462 1.68033
1.03 3.75275 14.148 1.67953
1.035 3.75276 14.1485 1.67957
1.04 3.75314 14.152 1.67808
1.045 3.75298 14.1513 1.67937
1.05 3.75358 14.1566 1.67767
1.055 3.75297 14.1521 1.67954
1.06 3.75373 14.1586 1.67683
1.065 3.75374 14.1591 1.67735
1.07 3.75367 14.1588 1.6776
1.075 3.75397 14.1617 1.67628
1.075 3.75434 14.165 1.67559
1.085 3.75421 14.1644 1.67582
1.09 3.75422 14.165 1.67564
1.09 3.75464 14.1687 1.67441
1.095 3.75494 14.1716 1.67422
1.1 3.75481 14.1706 1.67338
1.12 3.75493 14.1722 1.67392
1.125 3.75518 14.1745 1.67307
1.13 3.75541 14.1765 1.67207
1.135 3.75568 14.1792 1.67153
1.14 3.75551 14.1783 1.6726
1.145 3.75581 14.1812 1.67161
1.15 3.75526 14.1772 1.67298
1.155 3.75571 14.1812 1.67229
1.17 3.75588 14.1829 1.67107
1.175 3.75599 14.1844 1.67122
1.18 3.75628 14.1866 1.67053
1.185 3.75602 14.185 1.67096
1.19 3.75612 14.1863 1.67044
1.195 3.7567 14.1912 1.66959
0.2 3.75534 14.1781 1.67913
0.21 3.75507 14.1741 1.68474
0.215 3.7421 14.0364 1.80204
0.215 3.75232 14.145 1.70863
