1.195 3.76346 14.24 1.88753
0.2 3.76729 14.2711 1.91823
0.205 3.77421 14.329 1.99073
0.21 3.77217 14.3107 1.98311
0.215 3.76991 14.2907 1.97591
0.26 3.7697 14.288 1.97603
0.265 3.76919 14.2831 1.97358
0.27 3.7685 14.2761 1.97125
0.275 3.76682 14.2613 1.9658
0.28 3.76664 14.2584 1.96277
0.285 3.76487 14.2432 1.95878
0.29 3.76468 14.2404 1.95655
0.255 3.76454 14.2386 1.95617
0.3 3.76352 14.2286 1.94988
0.265 3.76287 14.2233 1.94715
0.31 3.76211 14.2165 1.94476
0.315 3.76182 14.2131 1.94253
0.32 3.76086 14.2044 1.93954
0.325 3.75993 14.1963 1.93709
0.29 3.76034 14.1989 1.93663
0.295 3.75941 14.1909 1.93201
0.3 3.75887 14.1859 1.93035
0.305 3.75845 14.1817 1.92681
0.31 3.75782 14.1759 1.92501
0.315 3.75673 14.1665 1.92031
0.32 3.75647 14.1639 1.91803
0.325 3.75622 14.1612 1.91685
0.33 3.75732 14.1709 1.91957
0.335 3.75667 14.1652 1.91844
0.34 3.75568 14.157 1.91543
0.345 3.75567 14.1563 1.91524
0.35 3.75514 14.1516 1.91077
0.355 3.75476 14.1481 1.90838
0.36 3.75431 14.1437 1.90524
0.365 3.75419 14.1425 1.90415
0.37 3.75412 14.1413 1.90419
0.375 3.75399 14.1398 1.90117
0.38 3.75359 14.1365 1.8986
0.385 3.75248 14.1272 1.89612
0.415 3.75225 14.125 1.89455
0.42 3.75302 14.1308 1.89334
0.425 3.75199 14.1225 1.88982
0.43 3.75225 14.1243 1.88881
0.435 3.7521 14.1227 1.88819
0.465 3.75114 14.115 1.88494
0.47 3.75173 14.1197 1.88625
0.475 3.75193 14.121 1.88531
0.48 3.75104 14.1138 1.88286
0.485 3.75121 14.1148 1.88167
0.49 3.75126 14.1151 1.8796
0.495 3.75067 14.1104 1.87694
0.475 3.75061 14.1097 1.87495
0.48 3.74997 14.1046 1.87407
0.485 3.75064 14.1097 1.87328
0.49 3.75029 14.1068 1.87251
0.495 3.75002 14.1045 1.87007
0.5 3.75 14.1044 1.86701
0.505 3.74996 14.1038 1.86727
0.51 3.74977 14.1023 1.86517
0.515 3.7495 14.1001 1.86363
0.495 3.74998 14.1039 1.86426
0.5 3.74918 14.0975 1.86058
0.505 3.74952 14.1002 1.86041
0.51 3.74903 14.0963 1.85907
0.515 3.74907 14.0966 1.85592
0.52 3.74939 14.0991 1.85619
0.525 3.74902 14.0962 1.85517
0.53 3.74913 14.0971 1.85353
0.535 3.74877 14.0943 1.8531
0.54 3.74932 14.0987 1.85204
0.545 3.74892 14.0954 1.84904
0.55 3.74907 14.0967 1.85161
0.555 3.74867 14.0937 1.84701
0.585 3.74885 14.0951 1.84774
0.565 3.74895 14.0958 1.84758
0.595 3.74849 14.0926 1.8413
0.6 3.74871 14.0944 1.84362
0.605 3.74829 14.091 1.842
0.61 3.74863 14.0938 1.84244
0.615 3.74869 14.0943 1.84073
0.62 3.74885 14.0955 1.84032
0.625 3.74873 14.0949 1.83891
0.63 3.74824 14.0912 1.83797
0.635 3.74951 14.1011 1.83824
0.64 3.74785 14.0882 1.83571
0.645 3.74863 14.0946 1.83621
0.65 3.74837 14.0927 1.83402
0.655 3.74857 14.0944 1.83224
0.66 3.74855 14.0944 1.83131
0.665 3.74931 14.1005 1.83106
0.67 3.74889 14.0974 1.82937
0.675 3.7486 14.0951 1.83
0.68 3.74884 14.0972 1.83006
0.685 3.74851 14.0948 1.82597
0.69 3.7484 14.0942 1.82585
0.695 3.74873 14.0968 1.82518
0.7 3.74824 14.0931 1.82482
0.705 3.74868 14.0967 1.82352
0.71 3.74873 14.0973 1.82467
0.715 3.74915 14.1008 1.82495
0.72 3.74894 14.0995 1.82402
0.725 3.74899 14.1 1.82219
0.73 3.74867 14.0978 1.82095
0.735 3.74867 14.0977 1.81889
0.74 3.74846 14.0964 1.8189
0.745 3.74889 14.1 1.81929
0.75 3.74921 14.1026 1.8174
0.755 3.74867 14.0984 1.81803
0.76 3.74906 14.1017 1.81604
0.765 3.74901 14.1015 1.81516
0.77 3.74876 14.0999 1.81528
0.775 3.74887 14.101 1.81354
0.78 3.74923 14.1041 1.81245
0.785 3.74862 14.0996 1.81277
0.79 3.74935 14.1055 1.81297
0.795 3.74911 14.1038 1.80979
0.8 3.74908 14.1038 1.81102
0.805 3.74907 14.104 1.80928
0.81 3.74934 14.1064 1.80881
0.815 3.74922 14.1057 1.80716
0.82 3.74918 14.1056 1.80842
0.795 3.74939 14.1074 1.8069
0.8 3.74931 14.107 1.8053
0.805 3.74926 14.1069 1.80672
0.81 3.74963 14.1089 1.80852
0.815 3.74933 14.1069 1.80959
0.82 3.74969 14.11 1.80758
0.875 3.74978 14.111 1.8044
0.87 3.74915 14.1063 1.80528
0.875 3.74973 14.111 1.80549
0.88 3.74973 14.1112 1.80456
0.885 3.74976 14.1118 1.80483
0.89 3.74973 14.112 1.80147
0.895 3.74982 14.113 1.80266
0.9 3.75001 14.1147 1.80257
0.905 3.75005 14.1152 1.80134
0.91 3.75042 14.1183 1.80026
0.875 3.75006 14.1159 1.80101
0.94 3.74981 14.1141 1.79971
0.945 3.75014 14.1164 1.79912
0.95 3.75021 14.1174 1.79866
0.895 3.74977 14.114 1.79821
0.9 3.75004 14.1164 1.79744
0.905 3.75023 14.1182 1.79776
0.91 3.75038 14.1197 1.79765
0.915 3.75039 14.12 1.79642
0.92 3.75032 14.1197 1.79647
0.925 3.75092 14.1247 1.7971
0.93 3.75035 14.1206 1.79474
0.935 3.75075 14.124 1.79343
0.94 3.75109 14.1267 1.79494
1.005 3.75093 14.1259 1.79407
1.01 3.75059 14.1234 1.79159
1.015 3.75109 14.1275 1.79265
1.02 3.75086 14.126 1.79347
1.025 3.75109 14.128 1.79393
1.03 3.7508 14.1261 1.79113
1.015 3.7511 14.1285 1.79003
1.02 3.75113 14.129 1.79034
1.025 3.75143 14.1316 1.78964
1.03 3.75117 14.13 1.78982
1.035 3.7508 14.1273 1.78963
1.04 3.75118 14.1307 1.78847
1.045 3.75125 14.1314 1.78901
1.05 3.75163 14.1347 1.78651
1.055 3.75174 14.1356 1.78801
1.06 3.75168 14.1356 1.78636
1.065 3.75149 14.1344 1.78629
1.07 3.75166 14.136 1.78627
1.055 3.75165 14.1358 1.788
1.08 3.7521 14.14 1.78438
1.065 3.75164 14.1363 1.78568
1.07 3.75163 14.1367 1.78401
1.075 3.7516 14.1368 1.78356
1.08 3.75202 14.14 1.78478
1.085 3.75169 14.138 1.78362
1.09 3.752 14.1406 1.78408
1.095 3.75207 14.1414 1.78416
1.1 3.75221 14.1428 1.78236
1.105 3.75204 14.1417 1.78258
1.11 3.75279 14.148 1.78191
1.115 3.75257 14.1466 1.78305
1.12 3.7524 14.1454 1.78133
1.125 3.75315 14.1515 1.78172
1.13 3.75222 14.1448 1.77905
1.135 3.75283 14.1499 1.779
1.14 3.75289 14.1504 1.77937
1.145 3.75251 14.1477 1.78028
1.15 3.75278 14.1502 1.7786
1.155 3.75297 14.152 1.77727
1.16 3.75307 14.1529 1.77813
1.165 3.75725 14.1884 1.81711
1.17 3.75761 14.1915 1.82171
1.175 3.75781 14.1933 1.8221
1.18 3.76093 14.22 1.84982
1.185 3.76052 14.2165 1.85133
1.19 3.76041 14.2154 1.84946
1.195 3.76152 14.2242 1.85823
0.2 3.76875 14.2862 1.92502
0.205 3.76884 14.2862 1.92837
