1.03 4.18685 18.5396 1.34365
1.035 4.1901 18.5563 1.34248
1.04 4.18756 18.5423 1.34285
1.045 4.19583 18.6285 1.33712
1.05 4.19781 18.6424 1.33694
1.055 4.19292 18.589 1.34072
1.06 4.18573 18.5288 1.34316
1.065 4.18979 18.5671 1.3416
1.07 4.19299 18.5998 1.33926
1.075 4.1284 17.8993 1.39182
1.08 4.12845 17.9029 1.39046
1.085 4.13093 17.9186 1.39048
1.09 4.12769 17.8929 1.39112
1.095 4.12528 17.8627 1.39305
1.1 4.12628 17.8736 1.39271
1.105 4.12746 17.8836 1.39158
1.11 4.12809 17.8797 1.39225
1.115 4.12791 17.8828 1.39167
1.12 4.12736 17.8742 1.39156
1.125 4.12552 17.8571 1.39274
1.13 4.12811 17.8866 1.3902
1.135 4.12593 17.8636 1.39196
1.14 4.12812 17.8801 1.39085
1.145 4.12785 17.8764 1.39035
1.15 4.12905 17.8865 1.39019
1.155 4.11362 17.7307 1.40305
1.16 4.11612 17.7612 1.40039
1.165 4.1247 17.838 1.39232
1.17 4.11721 17.7691 1.39716
1.175 4.11626 17.7537 1.39874
1.18 4.11412 17.7284 1.39947
1.185 4.11297 17.7223 1.39998
1.19 4.12723 17.8655 1.38951
1.195 4.12712 17.8564 1.39067
0.2 4.11887 17.7834 1.39527
0.205 4.11716 17.7606 1.39675
0.21 4.11359 17.7286 1.39865
0.215 4.11228 17.7105 1.39984
0.22 4.11547 17.7353 1.39832
0.225 4.10611 17.6484 1.40471
0.23 4.10531 17.6252 1.40745
0.235 4.10314 17.6105 1.4074
0.24 4.08654 17.4263 1.42168
0.29 4.08552 17.4109 1.42129
0.295 4.09483 17.5113 1.41505
1.175 4.10756 17.6587 1.40495
1.18 4.09874 17.5504 1.41195
1.185 4.10935 17.6708 1.40238
1.19 4.10743 17.645 1.4045
1.195 4.10403 17.6225 1.40593
0.2 4.09591 17.5243 1.41254
0.205 4.09901 17.5554 1.4102
0.21 4.09926 17.5615 1.40884
0.215 4.1042 17.6081 1.40562
0.22 4.10529 17.6173 1.40449
0.35 4.10275 17.5929 1.40665
0.355 4.09751 17.5385 1.41059
0.36 4.10181 17.577 1.40768
0.28 4.09953 17.5708 1.40725
0.37 4.0991 17.5619 1.40858
0.375 4.10547 17.6207 1.40419
0.295 4.10587 17.6296 1.40403
0.3 4.10854 17.6482 1.40137
0.305 4.06992 17.2508 1.43605
0.31 4.07284 17.2809 1.43328
0.315 4.0755 17.3078 1.4316
0.32 4.07666 17.3274 1.42874
0.325 4.0827 17.38 1.42468
0.265 4.08443 17.3983 1.42302
0.27 4.08605 17.4135 1.42185
0.275 4.08763 17.4322 1.41985
0.28 4.0912 17.467 1.41701
0.285 4.09408 17.5007 1.4146
0.29 4.09406 17.5003 1.41402
0.295 4.09722 17.5303 1.41187
0.3 4.09923 17.5542 1.40977
0.305 4.10067 17.5735 1.40849
0.31 4.10145 17.5842 1.40656
0.315 4.1068 17.6345 1.40336
0.32 4.10869 17.6555 1.40111
0.325 4.11042 17.6757 1.40018
0.33 4.1117 17.6899 1.39807
0.335 4.11348 17.7111 1.39664
0.34 4.11528 17.7314 1.39481
0.345 4.11792 17.7522 1.39339
0.35 4.12106 17.7882 1.39156
0.355 4.11914 17.7655 1.39258
0.36 4.11984 17.7704 1.39211
0.365 4.12492 17.8244 1.38807
0.37 4.12713 17.8518 1.38612
0.375 4.12952 17.8762 1.38481
0.38 4.13164 17.8977 1.38318
0.385 4.13242 17.9093 1.38207
0.39 4.12906 17.8707 1.38429
0.395 4.13595 17.9438 1.38011
0.4 4.12618 17.8429 1.38644
0.405 4.12913 17.8717 1.38449
0.41 4.13125 17.8938 1.38359
0.415 4.13154 17.9036 1.38211
0.42 4.13388 17.9268 1.38081
0.425 4.13439 17.9338 1.37998
0.43 4.13957 17.982 1.3766
0.435 4.13917 17.9815 1.37669
0.44 4.13998 17.9938 1.37601
0.445 4.14296 18.0237 1.3739
0.45 4.14394 18.0321 1.3728
0.455 4.14742 18.0667 1.37091
0.46 4.14645 18.0701 1.37048
0.485 4.14735 18.0751 1.36953
0.49 4.13953 17.9782 1.37677
0.495 4.14063 17.9942 1.37503
0.5 4.14305 18.0192 1.37407
0.505 4.14331 18.0305 1.37311
0.51 4.14736 18.0667 1.3706
0.515 4.14971 18.0976 1.36796
0.52 4.14827 18.087 1.36921
0.525 4.15043 18.1049 1.36759
0.53 4.15212 18.1263 1.36647
0.535 4.15459 18.1534 1.36473
0.54 4.15907 18.1904 1.36237
0.545 4.1569 18.1777 1.36273
0.55 4.16234 18.2177 1.36056
0.555 4.16164 18.2288 1.35964
0.56 4.16292 18.2415 1.35826
0.565 4.16512 18.262 1.3574
0.57 4.16397 18.2543 1.35792
0.575 4.16846 18.2956 1.35499
0.58 4.1688 18.3041 1.35434
0.585 4.16951 18.3122 1.35394
0.59 4.16984 18.3239 1.35317
0.595 4.16741 18.2977 1.35508
0.6 4.17167 18.3381 1.35226
0.605 4.1737 18.361 1.35093
0.61 4.17423 18.3645 1.35066
0.615 4.17495 18.377 1.35053
0.7 4.1724 18.3548 1.35127
0.705 4.16528 18.2675 1.35716
0.71 4.16651 18.2793 1.35589
0.715 4.16823 18.3038 1.35557
0.72 4.16991 18.3245 1.35311
0.725 4.17245 18.347 1.35158
0.73 4.16583 18.2745 1.35722
0.735 4.16639 18.2825 1.35578
0.74 4.16851 18.304 1.35463
0.745 4.16961 18.3155 1.35364
0.75 4.16818 18.3115 1.35386
0.755 4.17136 18.3425 1.35186
0.76 4.17447 18.3714 1.35087
0.765 4.17347 18.3664 1.35071
0.77 4.17761 18.4039 1.34845
0.775 4.17812 18.4125 1.34754
0.78 4.18058 18.4345 1.34679
0.745 4.18107 18.4431 1.3459
0.75 4.18293 18.4633 1.34468
0.755 4.18209 18.4548 1.34467
0.76 4.18279 18.4695 1.34428
0.765 4.18662 18.5011 1.34138
0.77 4.18706 18.5107 1.34124
0.775 4.18671 18.5123 1.34215
0.78 4.19084 18.5537 1.33977
0.825 4.18481 18.4922 1.34277
0.83 4.17917 18.4252 1.34751
0.835 4.18053 18.4413 1.34598
0.84 4.18214 18.4542 1.34578
0.845 4.181 18.4547 1.34473
0.85 4.18583 18.5021 1.343
0.855 4.18754 18.5191 1.34119
0.86 4.18854 18.5277 1.34018
0.865 4.18778 18.5287 1.34137
0.765 4.19002 18.5524 1.33922
0.77 4.18995 18.5469 1.34016
0.775 4.19046 18.5533 1.33933
0.78 4.19244 18.5744 1.33804
0.785 4.19163 18.5722 1.33874
0.79 4.19228 18.5781 1.3375
0.945 4.19252 18.5837 1.33732
0.95 4.19167 18.5709 1.33781
0.955 4.19161 18.5745 1.33849
0.96 4.1977 18.6269 1.3345
0.965 4.19506 18.5992 1.33707
0.97 4.19483 18.6028 1.33593
0.975 4.19903 18.64 1.33458
0.98 4.19427 18.6115 1.3359
0.985 4.19974 18.655 1.33324
0.99 4.19776 18.6368 1.33417
0.995 4.19715 18.6345 1.33443
1 4.19971 18.6594 1.33297
1.005 4.19791 18.6461 1.33369
1.01 4.20245 18.6834 1.33236
0.885 4.20096 18.6731 1.33283
0.89 4.20449 18.7026 1.33089
1.025 4.20096 18.6826 1.33202
0.9 4.20006 18.6751 1.33279
0.905 4.20027 18.6781 1.33217
0.91 4.20655 18.7333 1.32854
0.915 4.2058 18.73 1.32928
0.92 4.20593 18.7362 1.32964
0.925 4.20772 18.7488 1.32816
0.93 4.20658 18.7439 1.32867
0.935 4.2059 18.7431 1.32886
