0.31 3.74157 14.0261 1.74418
0.315 3.73992 14.0093 1.75062
0.32 3.73907 14.0007 1.75049
1.15 3.74633 14.0749 1.72758
1.155 3.74658 14.0782 1.72542
1.16 3.75386 14.1522 1.70001
1.165 3.7532 14.1445 1.70088
1.17 3.75427 14.1548 1.69712
1.175 3.75505 14.1616 1.69407
1.18 3.75613 14.1744 1.68897
1.185 3.75633 14.177 1.68786
1.19 3.75697 14.1818 1.68399
1.195 3.75672 14.1807 1.68814
0.235 3.7421 14.0311 1.73863
0.24 3.74017 14.0113 1.74347
0.245 3.74028 14.0127 1.74391
0.25 3.73996 14.0087 1.74227
0.255 3.73725 13.9814 1.75037
0.26 3.73782 13.9869 1.74516
0.265 3.7368 13.977 1.75536
0.27 3.73744 13.9825 1.75036
0.275 3.73719 13.9812 1.75143
0.28 3.73777 13.9864 1.74806
0.285 3.73842 13.9926 1.74327
0.29 3.73945 14.0012 1.73832
0.295 3.73946 14.0026 1.73572
0.3 3.74024 14.0092 1.73203
0.305 3.74032 14.0105 1.73139
0.31 3.74066 14.0136 1.72955
0.315 3.74105 14.0172 1.72752
0.285 3.74115 14.0184 1.72838
0.325 3.74208 14.0274 1.72219
0.33 3.7426 14.0323 1.7191
0.335 3.74314 14.0378 1.71588
0.34 3.74371 14.0425 1.71358
0.345 3.74404 14.046 1.7121
0.35 3.74428 14.0488 1.71099
0.355 3.74495 14.0546 1.70837
0.36 3.74542 14.0593 1.70556
0.365 3.74637 14.0683 1.70193
0.37 3.74626 14.0686 1.70126
0.375 3.7467 14.0731 1.69924
0.345 3.74724 14.0775 1.69859
0.49 3.74762 14.0808 1.6966
0.495 3.74681 14.073 1.70066
0.5 3.74779 14.0823 1.69658
0.505 3.74701 14.0746 1.69897
0.51 3.74742 14.0792 1.69678
0.515 3.74788 14.0839 1.69503
0.52 3.74858 14.0896 1.69216
0.525 3.74875 14.0922 1.6913
0.39 3.74886 14.0934 1.69105
0.395 3.74715 14.0761 1.69985
0.54 3.74757 14.0802 1.69785
0.545 3.74729 14.0778 1.69874
0.55 3.74793 14.0839 1.69635
0.555 3.74785 14.0836 1.69632
0.56 3.7484 14.0888 1.69417
0.565 3.74915 14.0961 1.69122
0.57 3.74946 14.099 1.6902
0.575 3.75 14.1038 1.68833
0.58 3.74958 14.1008 1.68937
0.445 3.75047 14.1087 1.68621
0.45 3.7509 14.1132 1.68503
0.455 3.75122 14.117 1.68347
0.46 3.75234 14.1264 1.6801
0.465 3.75226 14.1267 1.68055
0.47 3.75215 14.1255 1.68049
0.695 3.75284 14.1332 1.6787
0.7 3.75068 14.111 1.68479
0.485 3.75072 14.1115 1.68393
0.71 3.75191 14.1238 1.68057
0.495 3.75178 14.122 1.68071
0.5 3.75258 14.1294 1.6781
0.505 3.75305 14.1346 1.67705
0.51 3.75307 14.1348 1.67693
0.515 3.75324 14.1369 1.67585
0.52 3.75379 14.1415 1.67453
0.525 3.75509 14.1528 1.67086
0.53 3.75527 14.1556 1.67005
0.535 3.75548 14.158 1.66943
0.54 3.75568 14.1618 1.66845
0.545 3.7558 14.1624 1.66852
0.55 3.75634 14.1676 1.66721
0.555 3.75694 14.1733 1.66553
0.56 3.75771 14.1813 1.66286
0.565 3.75869 14.1901 1.66075
0.57 3.75864 14.1902 1.66088
0.575 3.75795 14.1844 1.66234
0.58 3.7588 14.1919 1.66001
0.585 3.75866 14.1924 1.66037
0.59 3.75933 14.1985 1.65831
0.595 3.76088 14.2121 1.65459
0.6 3.76122 14.2159 1.65354
0.605 3.76026 14.209 1.65635
0.645 3.7603 14.2091 1.65624
0.65 3.76168 14.2202 1.65229
0.8 3.76125 14.2181 1.65329
0.805 3.76092 14.2141 1.65421
0.81 3.76119 14.2174 1.65323
0.815 3.76212 14.2261 1.65102
0.64 3.76212 14.226 1.65122
0.645 3.76319 14.2358 1.64881
0.65 3.76276 14.2337 1.64958
0.655 3.76355 14.241 1.64777
0.695 3.76367 14.2435 1.64735
0.665 3.76234 14.2287 1.65075
0.705 3.76399 14.2477 1.6469
0.675 3.76336 14.2383 1.64853
0.68 3.76293 14.2365 1.64907
0.72 3.76406 14.2462 1.64643
0.87 3.7641 14.2461 1.64666
0.875 3.76422 14.2485 1.64628
0.88 3.76483 14.2536 1.64445
0.885 3.76499 14.2562 1.64463
0.89 3.76571 14.2622 1.6427
0.895 3.76548 14.2617 1.6433
0.9 3.76522 14.2605 1.6439
0.905 3.76606 14.2679 1.64171
0.765 3.76649 14.272 1.64071
0.77 3.76642 14.2726 1.64073
0.775 3.76671 14.2763 1.64034
0.78 3.76771 14.2848 1.63804
0.785 3.76807 14.2884 1.6369
0.79 3.76855 14.2931 1.63626
0.795 3.76805 14.2909 1.63726
0.8 3.76908 14.3 1.63498
0.95 3.7702 14.3094 1.63238
0.955 3.7695 14.3048 1.63394
0.96 3.76938 14.3043 1.63426
0.82 3.76986 14.3093 1.63317
0.97 3.77097 14.3195 1.63057
0.975 3.77019 14.3134 1.63298
0.98 3.77148 14.3238 1.62942
0.985 3.77183 14.3275 1.62892
0.99 3.7714 14.3249 1.62978
0.795 3.77064 14.3147 1.63165
0.8 3.77084 14.3177 1.63109
0.805 3.77139 14.3224 1.62957
0.81 3.77022 14.3147 1.63178
0.815 3.77181 14.3281 1.62944
0.82 3.77162 14.3272 1.62921
0.825 3.77242 14.3335 1.62796
0.83 3.77189 14.3307 1.62914
0.835 3.77256 14.3368 1.62724
0.84 3.77339 14.3441 1.62564
0.845 3.77315 14.3436 1.6267
0.85 3.77392 14.3494 1.62439
0.855 3.77354 14.3475 1.62527
0.86 3.77373 14.3496 1.62539
0.865 3.77407 14.3531 1.62422
0.87 3.77146 14.3244 1.62966
0.875 3.771 14.3224 1.63088
0.88 3.77246 14.3345 1.6275
0.885 3.77242 14.3356 1.62788
0.89 3.77323 14.3425 1.62618
0.895 3.77226 14.3358 1.62773
0.9 3.77267 14.3402 1.62724
0.905 3.77403 14.3502 1.6245
0.91 3.77355 14.3473 1.62514
0.915 3.7742 14.3532 1.62443
0.92 3.77435 14.3549 1.62393
0.925 3.77419 14.3553 1.62431
0.93 3.77405 14.3546 1.62451
0.935 3.7749 14.3621 1.62223
0.94 3.77574 14.3696 1.62131
0.945 3.77556 14.369 1.62131
0.95 3.77638 14.376 1.61987
0.955 3.77584 14.3728 1.6209
0.96 3.77516 14.3652 1.62456
0.965 3.77466 14.3627 1.62443
0.97 3.77539 14.3675 1.62472
0.975 3.77616 14.3735 1.62349
0.98 3.77587 14.3727 1.62392
1.185 3.77591 14.3727 1.62423
1.19 3.77501 14.365 1.6264
0.995 3.77555 14.3698 1.62601
0.245 3.75218 14.1347 1.72069
1.005 3.75451 14.1578 1.71106
1.01 3.75469 14.1596 1.709
1.015 3.75379 14.1515 1.70962
1.02 3.75389 14.1516 1.71003
0.27 3.75404 14.1528 1.7078
1.03 3.75372 14.15 1.70733
1.035 3.75454 14.1583 1.70365
0.285 3.75221 14.136 1.71272
0.29 3.75338 14.1452 1.70734
0.295 3.75228 14.1377 1.70878
0.3 3.75271 14.1392 1.70695
0.305 3.75203 14.1327 1.70833
0.31 3.75204 14.1328 1.70653
0.315 3.75186 14.1294 1.70624
0.32 3.75054 14.1174 1.70854
0.21 3.75056 14.1175 1.70895
0.215 3.75098 14.1211 1.70728
0.22 3.75052 14.1175 1.70738
0.225 3.75149 14.1252 1.70403
0.23 3.75072 14.1192 1.70607
0.235 3.75087 14.1202 1.70494
0.24 3.75097 14.1211 1.70296
