0.205 3.78904 14.4704 2.0231
0.21 3.7873 14.4548 2.01816
0.215 3.78692 14.4497 2.01661
0.22 3.78545 14.436 2.01175
0.225 3.78356 14.4192 2.00831
0.23 3.78245 14.4083 2.00488
0.235 3.78165 14.4005 2.00076
0.24 3.78064 14.391 1.99724
0.245 3.77868 14.3735 1.99351
0.25 3.77793 14.3663 1.98962
0.255 3.77686 14.3561 1.98664
0.26 3.77569 14.3456 1.98254
0.265 3.77459 14.3355 1.97891
0.27 3.77464 14.3346 1.97747
0.275 3.77344 14.3236 1.97279
0.28 3.7729 14.3187 1.97102
0.285 3.77196 14.3096 1.96836
0.29 3.77074 14.2986 1.96505
0.295 3.76997 14.2916 1.9619
0.3 3.77042 14.2941 1.96112
0.305 3.7694 14.2849 1.9571
0.31 3.76791 14.2724 1.9537
0.315 3.76772 14.2701 1.95181
0.32 3.76732 14.2659 1.94928
0.325 3.76664 14.2598 1.94652
0.33 3.76611 14.2548 1.94429
0.335 3.7659 14.2524 1.94306
0.34 3.76498 14.2445 1.93918
0.345 3.76553 14.2481 1.93859
0.35 3.76441 14.2385 1.93485
0.355 3.76338 14.2297 1.93234
0.36 3.76353 14.2303 1.93152
0.365 3.76229 14.2201 1.92662
0.37 3.76265 14.2223 1.92704
0.375 3.7621 14.2172 1.92442
0.38 3.76174 14.214 1.92153
0.385 3.76152 14.2118 1.92078
0.39 3.76111 14.2081 1.91925
0.395 3.76013 14.1999 1.91469
0.4 3.76036 14.2012 1.91385
0.405 3.75959 14.1946 1.91245
0.41 3.75964 14.1947 1.90974
0.415 3.75939 14.1923 1.9084
0.42 3.75933 14.1915 1.90661
0.425 3.7588 14.1872 1.90684
0.43 3.7585 14.1843 1.90344
0.435 3.7586 14.185 1.90286
0.44 3.75845 14.1834 1.90013
0.445 3.75801 14.1796 1.89957
0.45 3.75746 14.175 1.89616
0.455 3.75745 14.1749 1.89504
0.46 3.75705 14.1713 1.89333
0.465 3.75712 14.1715 1.89174
0.47 3.75587 14.1616 1.89028
0.475 3.75704 14.1704 1.89073
0.48 3.75617 14.1635 1.88764
0.485 3.75623 14.1638 1.88668
0.49 3.7566 14.1667 1.88543
0.495 3.7557 14.1596 1.8842
0.5 3.75568 14.1592 1.88105
0.505 3.75567 14.1588 1.88101
0.515 3.75504 14.1536 1.87855
0.52 3.75532 14.1559 1.87857
0.525 3.75547 14.1572 1.87827
0.53 3.75571 14.1588 1.8764
0.535 3.75552 14.1572 1.87551
0.54 3.75501 14.1532 1.87382
0.545 3.75464 14.1501 1.87189
0.55 3.75583 14.1594 1.87268
0.555 3.75514 14.1542 1.87104
0.56 3.75404 14.1453 1.86759
0.565 3.75478 14.1512 1.86824
0.57 3.7541 14.1456 1.86534
0.575 3.75416 14.1463 1.86464
0.58 3.75452 14.1491 1.86519
0.585 3.75402 14.1452 1.86186
0.59 3.75411 14.1457 1.86151
0.595 3.75467 14.1502 1.86436
0.6 3.75407 14.1453 1.86082
0.605 3.75413 14.1461 1.85784
0.605 3.75391 14.1443 1.85929
0.61 3.75379 14.1434 1.85816
0.615 3.75383 14.1438 1.85552
0.62 3.7539 14.1445 1.85617
0.625 3.75395 14.1449 1.85448
0.63 3.75384 14.1441 1.85302
0.635 3.75368 14.1427 1.85216
0.64 3.75392 14.145 1.85159
0.645 3.75341 14.1409 1.85123
0.65 3.75434 14.1485 1.85162
0.655 3.75383 14.1444 1.84814
0.66 3.75297 14.1378 1.84647
0.67 3.75312 14.139 1.84843
0.675 3.75305 14.1386 1.84319
0.68 3.75345 14.142 1.8458
0.685 3.7537 14.1437 1.84578
0.69 3.75349 14.1424 1.84267
0.695 3.75324 14.1404 1.84297
0.7 3.75347 14.1424 1.84222
0.705 3.75342 14.1421 1.84035
0.71 3.75334 14.1416 1.83928
0.715 3.75405 14.1473 1.84102
0.72 3.75334 14.1418 1.83821
0.725 3.75358 14.144 1.838
0.73 3.75403 14.1478 1.83606
0.735 3.75398 14.1476 1.83657
0.74 3.75367 14.1452 1.83493
0.745 3.75345 14.1433 1.83482
0.75 3.75341 14.1433 1.8329
0.755 3.75409 14.1487 1.83323
0.76 3.75409 14.1489 1.8342
0.765 3.75396 14.1481 1.83223
0.77 3.75387 14.1476 1.8317
0.775 3.75362 14.1458 1.82975
0.78 3.75365 14.1463 1.8303
0.78 3.75387 14.1481 1.82983
0.785 3.75337 14.1441 1.82808
0.79 3.75345 14.145 1.82849
0.795 3.75388 14.1487 1.82914
0.8 3.75397 14.1498 1.82635
0.805 3.75426 14.1519 1.82657
0.81 3.7536 14.1471 1.82558
0.815 3.75404 14.1508 1.82582
0.82 3.75358 14.1471 1.82447
0.825 3.75388 14.1498 1.82344
0.83 3.75434 14.1536 1.82209
0.835 3.75403 14.1515 1.82183
0.84 3.7541 14.1522 1.82166
0.845 3.75371 14.1492 1.82051
0.85 3.75394 14.1511 1.82174
0.855 3.75356 14.1486 1.81966
0.86 3.75433 14.1547 1.82131
0.865 3.75439 14.1554 1.81876
0.87 3.75465 14.1576 1.8181
0.875 3.7538 14.1512 1.81629
0.88 3.75404 14.1533 1.81673
0.885 3.75395 14.1529 1.81583
0.89 3.75439 14.1564 1.81713
0.9 3.75454 14.1578 1.81548
0.905 3.7545 14.1578 1.81566
0.91 3.75381 14.1526 1.81323
0.915 3.75482 14.1609 1.81495
0.92 3.75476 14.1605 1.81386
0.925 3.75358 14.1514 1.81055
0.925 3.75469 14.1603 1.81312
0.93 3.75435 14.1582 1.81208
0.935 3.7542 14.157 1.81114
0.94 3.7544 14.1588 1.81092
0.945 3.75491 14.1629 1.81037
0.95 3.75432 14.1586 1.81032
0.96 3.7547 14.1618 1.80836
0.965 3.75501 14.1645 1.81003
0.97 3.75536 14.1674 1.80813
0.98 3.75507 14.1653 1.80724
0.985 3.75462 14.1619 1.80809
0.99 3.75508 14.1657 1.80767
0.995 3.75503 14.1657 1.80636
1 3.75444 14.1611 1.80424
1.005 3.75518 14.1673 1.80423
1.01 3.75519 14.1675 1.80622
1.015 3.7549 14.1655 1.80445
1.02 3.75572 14.1721 1.80428
1.025 3.75561 14.1717 1.80555
1.03 3.75547 14.1708 1.80511
1.035 3.75526 14.1696 1.80438
1.04 3.75612 14.1764 1.80147
1.04 3.75527 14.1698 1.80264
1.045 3.7551 14.1687 1.8012
1.05 3.7555 14.1722 1.80326
1.055 3.75624 14.1784 1.80032
1.06 3.75539 14.1716 1.80093
1.065 3.75528 14.1713 1.80062
1.07 3.75534 14.1718 1.80001
1.075 3.75618 14.1785 1.80106
1.08 3.75593 14.177 1.80085
1.085 3.75506 14.1704 1.79807
1.09 3.75595 14.1777 1.80134
1.095 3.75546 14.174 1.79801
1.1 3.75565 14.1759 1.79823
1.105 3.7559 14.1779 1.79877
1.11 3.7559 14.1783 1.79764
1.105 3.7559 14.1785 1.7973
1.11 3.75603 14.1796 1.79594
1.115 3.75614 14.1808 1.79614
1.12 3.7561 14.1808 1.79584
1.125 3.75561 14.1772 1.79281
1.13 3.75602 14.1806 1.79417
1.135 3.75619 14.1823 1.79574
1.14 3.75648 14.1847 1.79414
1.16 3.75652 14.1854 1.79437
1.165 3.75601 14.1813 1.79353
1.17 3.75662 14.1865 1.79252
1.175 3.75626 14.1838 1.7929
1.18 3.75652 14.1863 1.79246
1.185 3.75688 14.1895 1.79188
1.19 3.75606 14.183 1.79224
1.195 3.75675 14.1888 1.79099
0.2 3.76828 14.2897 1.87683
0.205 3.77381 14.3375 1.91689
0.21 3.77915 14.3834 1.95414
