0.215 4.0414 16.97 2.26769
0.22 4.03593 16.917 2.26283
0.225 4.03246 16.8823 2.25773
0.23 4.02911 16.8481 2.25216
0.235 4.02795 16.836 2.25016
0.24 4.0218 16.7756 2.24023
0.245 4.0182 16.7398 2.23658
0.25 4.02063 16.7607 2.23593
0.255 4.0173 16.7307 2.23105
0.26 4.0159 16.7146 2.22876
0.265 4.01299 16.688 2.2235
0.27 4.00891 16.6464 2.22025
0.275 4.00811 16.6394 2.21632
0.28 4.00464 16.6076 2.21384
0.285 4.00437 16.6031 2.21105
0.29 4.00134 16.574 2.20699
0.295 4.00122 16.5719 2.20632
0.3 3.99825 16.5449 2.20294
0.305 3.99818 16.5399 2.19967
0.31 3.99427 16.5053 2.19431
0.315 3.99469 16.5058 2.19097
0.32 3.99144 16.4737 2.18898
0.325 3.99313 16.491 2.19083
0.33 3.99008 16.4633 2.18848
0.335 3.98837 16.4448 2.18428
0.34 3.98691 16.4316 2.1815
0.345 3.98597 16.4224 2.17836
0.35 3.98342 16.3985 2.1743
0.355 3.98413 16.4027 2.17373
0.36 3.98176 16.38 2.17077
0.47 3.98088 16.3718 2.16551
0.475 3.978 16.3433 2.16588
0.48 3.97892 16.352 2.1663
0.485 3.97666 16.3323 2.16248
0.49 3.97604 16.3258 2.15971
0.495 3.97484 16.3138 2.15795
0.5 3.97168 16.2819 2.15278
0.505 3.97215 16.2839 2.15349
0.51 3.97015 16.2674 2.14972
0.515 3.96895 16.2557 2.14847
0.52 3.96929 16.2593 2.14585
0.525 3.9672 16.2376 2.14424
0.53 3.96714 16.2361 2.14355
0.535 3.96867 16.2521 2.14513
0.54 3.96433 16.2138 2.13953
0.545 3.96665 16.232 2.14073
0.55 3.96456 16.2153 2.13881
0.505 3.96512 16.2166 2.1378
0.51 3.96397 16.2055 2.13516
0.515 3.96042 16.1727 2.13215
0.52 3.96117 16.1801 2.13168
0.5 3.96052 16.1725 2.12892
0.53 3.9605 16.1737 2.12787
0.535 3.95781 16.1487 2.12384
0.54 3.95838 16.1532 2.12383
0.545 3.95598 16.1304 2.121
0.55 3.95598 16.1315 2.11998
0.555 3.95738 16.1424 2.11961
0.56 3.95595 16.1291 2.11773
0.565 3.95622 16.134 2.12014
0.65 3.95447 16.1175 2.11783
0.655 3.95518 16.1235 2.12082
0.555 3.95556 16.1245 2.1191
0.56 3.95692 16.1394 2.11885
0.565 3.95572 16.1253 2.11846
0.57 3.9573 16.1413 2.11687
0.575 3.953 16.1026 2.11342
0.58 3.95132 16.0864 2.11151
0.585 3.95306 16.1036 2.11625
0.59 3.95322 16.104 2.11499
0.595 3.95316 16.1017 2.11262
0.6 3.95149 16.0878 2.11216
0.605 3.95301 16.1008 2.11182
0.61 3.95217 16.0924 2.10821
0.615 3.94969 16.0709 2.10739
0.62 3.94975 16.0708 2.10698
0.625 3.95072 16.0776 2.10675
0.63 3.94961 16.069 2.10265
0.635 3.94845 16.0571 2.10253
0.64 3.94797 16.052 2.10044
0.645 3.94806 16.0534 2.09961
0.705 3.94796 16.0523 2.09745
0.71 3.95039 16.0755 2.10312
0.715 3.95074 16.0788 2.10275
0.72 3.94815 16.0535 2.10059
0.725 3.94744 16.0469 2.09948
0.73 3.9461 16.0351 2.09748
0.735 3.94712 16.0434 2.09579
0.74 3.9456 16.0291 2.09339
0.745 3.94605 16.0347 2.09544
0.75 3.94455 16.0208 2.09308
0.755 3.94303 16.0065 2.08988
0.76 3.94463 16.0206 2.09043
0.765 3.94301 16.0067 2.08632
0.77 3.94244 16.0015 2.08772
0.775 3.94305 16.0054 2.08661
0.78 3.94276 16.0033 2.08469
0.785 3.94378 16.0129 2.08281
0.79 3.94192 15.9948 2.08315
0.795 3.9412 15.9878 2.08092
0.8 3.94061 15.9834 2.07951
0.805 3.94018 15.9787 2.07919
0.895 3.93786 15.958 2.07699
0.9 3.94154 15.9931 2.08298
0.905 3.94166 15.9919 2.08134
0.91 3.9405 15.9821 2.07953
0.915 3.93759 15.9551 2.07711
0.92 3.93841 15.9623 2.0773
0.925 3.93939 15.9706 2.07549
0.93 3.94059 15.9821 2.07697
0.935 3.93672 15.9468 2.0723
0.94 3.93772 15.9559 2.07276
0.945 3.93755 15.9554 2.07042
0.95 3.93515 15.9343 2.06932
0.955 3.9364 15.9419 2.06773
0.96 3.93735 15.9501 2.06962
0.965 3.93388 15.9204 2.06625
0.97 3.93543 15.9344 2.06784
0.89 3.93523 15.9358 2.06661
0.895 3.93586 15.9388 2.06672
0.9 3.93409 15.9217 2.06454
0.905 3.93335 15.9151 2.06473
0.935 3.93396 15.9212 2.06414
0.94 3.93548 15.9341 2.06579
0.945 3.93315 15.913 2.06209
0.98 3.93454 15.9258 2.06557
0.985 3.93691 15.949 2.07048
0.99 3.9362 15.9431 2.06793
0.995 3.93624 15.942 2.06787
0.97 3.9358 15.9374 2.06668
0.975 3.93535 15.9343 2.06711
0.98 3.93535 15.9329 2.0663
0.985 3.93622 15.9435 2.06332
0.99 3.93435 15.9248 2.06454
0.995 3.93199 15.9039 2.06027
1 3.93304 15.9112 2.05906
1.035 3.93381 15.9194 2.06166
1.04 3.93389 15.9194 2.05954
1.045 3.93267 15.9103 2.05864
1.05 3.93201 15.9022 2.058
1.055 3.93261 15.9082 2.05611
1.06 3.92898 15.8756 2.05243
1.065 3.93004 15.887 2.05406
1.07 3.93105 15.8964 2.05392
1.075 3.93372 15.9189 2.05409
1.08 3.93021 15.8866 2.05268
1.085 3.93071 15.8907 2.05276
1.09 3.92886 15.8727 2.04945
1.095 3.93002 15.8851 2.05038
1.1 3.93063 15.8909 2.05091
1.105 3.93028 15.8874 2.05009
1.11 3.93212 15.9048 2.04974
1.115 3.92858 15.8728 2.04653
1.12 3.92933 15.8814 2.04639
1.125 3.9309 15.893 2.0495
1.165 3.9286 15.8721 2.04647
1.17 3.93063 15.8904 2.04787
1.175 3.93055 15.8887 2.04851
1.18 3.92931 15.8779 2.04593
1.185 3.92854 15.8729 2.04525
1.19 3.93073 15.8931 2.04631
1.195 3.92813 15.8687 2.04543
0.2 3.94707 16.0519 2.08038
0.205 3.95064 16.0872 2.08626
0.21 3.94983 16.0796 2.08848
0.215 3.95228 16.1034 2.08914
0.22 3.95326 16.1143 2.09182
0.225 3.95567 16.1354 2.09676
0.23 3.95291 16.1117 2.09375
0.235 3.96184 16.1967 2.11006
0.24 3.96332 16.2104 2.11416
0.245 3.9667 16.2435 2.11853
0.25 3.96901 16.2652 2.12254
0.255 3.96713 16.2502 2.12264
0.26 3.9709 16.2834 2.12798
0.265 3.97677 16.3431 2.13984
0.27 3.97799 16.3501 2.13959
0.275 3.97777 16.351 2.14582
0.28 3.97691 16.3454 2.14515
0.285 3.97932 16.3658 2.14888
0.29 3.98904 16.4588 2.16485
0.295 3.98641 16.4348 2.16172
0.3 3.98827 16.4512 2.16342
0.305 3.98699 16.441 2.16471
0.31 3.98786 16.449 2.16702
0.315 3.98912 16.4581 2.16958
0.32 4.00302 16.5954 2.19676
0.325 3.99571 16.5253 2.18938
0.33 3.99244 16.4913 2.18076
0.335 3.99165 16.4819 2.17716
0.34 3.99068 16.4729 2.17796
0.345 4.00112 16.5767 2.19866
0.35 4.00088 16.5707 2.19537
0.355 4.00011 16.5655 2.19637
0.36 3.9977 16.5418 2.19572
0.365 4.00026 16.5636 2.19559
0.37 3.9978 16.541 2.19339
0.375 4.00109 16.5721 2.19955
0.38 3.9971 16.5348 2.19328
0.385 3.99141 16.4807 2.1846
