0.235 3.74303 14.0479 1.77194
0.24 3.74095 14.0262 1.78513
0.245 3.74392 14.0575 1.76199
0.25 3.7318 13.9299 1.8533
0.255 3.73146 13.9268 1.84821
0.26 3.73118 13.9242 1.84356
0.265 3.73102 13.9226 1.84046
0.27 3.73105 13.9227 1.84246
0.275 3.73078 13.9203 1.83703
0.28 3.73066 13.9192 1.83363
0.285 3.73062 13.9186 1.83112
0.29 3.73047 13.9172 1.8272
0.295 3.73039 13.9165 1.82352
0.3 3.73031 13.9158 1.82102
0.305 3.73032 13.9158 1.81893
0.31 3.73029 13.9155 1.81594
0.3 3.7303 13.9156 1.8135
0.305 3.73029 13.9155 1.81166
0.31 3.73031 13.9157 1.80945
0.315 3.73037 13.9162 1.80651
0.32 3.7304 13.9165 1.8059
0.325 3.73049 13.9173 1.80227
0.33 3.73045 13.9171 1.80191
0.335 3.7306 13.9183 1.79842
0.34 3.73078 13.9199 1.79408
0.345 3.73074 13.9197 1.7939
0.35 3.73094 13.9215 1.79043
0.355 3.73097 13.922 1.78929
0.36 3.73071 13.9195 1.79424
0.365 3.7309 13.9212 1.7904
0.38 3.731 13.9222 1.78896
0.385 3.73111 13.9231 1.78678
0.39 3.73125 13.9246 1.7848
0.395 3.7314 13.9259 1.78238
0.4 3.73159 13.9279 1.78
0.405 3.73183 13.9299 1.77617
0.41 3.73181 13.9301 1.7769
0.415 3.73195 13.9316 1.77543
0.42 3.73226 13.9343 1.77201
0.425 3.73244 13.936 1.76974
0.43 3.7325 13.9368 1.76922
0.435 3.73269 13.9385 1.7674
0.44 3.73301 13.9413 1.764
0.445 3.7332 13.9433 1.76263
0.45 3.73319 13.9436 1.76297
0.455 3.73351 13.9465 1.75989
0.46 3.73333 13.9445 1.76144
0.465 3.73349 13.9463 1.76046
0.47 3.73374 13.9486 1.75806
0.475 3.73406 13.9515 1.75585
0.48 3.73409 13.9523 1.75605
0.485 3.73442 13.9553 1.75302
0.49 3.7345 13.9563 1.75227
0.495 3.73473 13.9585 1.75104
0.5 3.73478 13.9592 1.75069
0.505 3.73503 13.9615 1.74869
0.51 3.73543 13.965 1.74585
0.515 3.73553 13.9664 1.7458
0.52 3.7357 13.968 1.74478
0.525 3.73606 13.9712 1.74215
0.53 3.7364 13.9745 1.73969
0.535 3.73642 13.9752 1.74022
0.54 3.73648 13.976 1.73969
0.545 3.73686 13.9795 1.7374
0.55 3.73708 13.9817 1.73624
0.555 3.73734 13.9842 1.73451
0.56 3.73734 13.9845 1.73474
0.565 3.73751 13.9866 1.73435
0.57 3.73811 13.9918 1.73044
0.53 3.73762 13.9877 1.73308
0.535 3.73835 13.9939 1.72992
0.54 3.73816 13.993 1.73046
0.6 3.7385 13.9962 1.72889
0.55 3.73871 13.9978 1.72784
0.555 3.73916 14.0024 1.72556
0.615 3.73898 14.0016 1.72719
0.565 3.73947 14.0053 1.7243
0.57 3.73948 14.0064 1.72472
0.63 3.74021 14.0126 1.72085
0.635 3.73969 14.0086 1.72321
0.64 3.7403 14.014 1.72045
0.645 3.7405 14.016 1.71971
0.595 3.74073 14.0183 1.71848
0.6 3.74098 14.0207 1.71698
0.605 3.74105 14.0218 1.71723
0.61 3.74152 14.0261 1.71539
0.615 3.74161 14.0273 1.71437
0.62 3.74136 14.0259 1.71599
0.68 3.74225 14.0335 1.71182
0.685 3.74224 14.0336 1.71165
0.69 3.74201 14.0326 1.7134
0.695 3.74243 14.0363 1.71121
0.7 3.74256 14.0378 1.71108
0.705 3.74272 14.0394 1.71032
0.71 3.7427 14.0399 1.71049
0.715 3.74332 14.0453 1.70796
0.72 3.74331 14.0458 1.70821
0.725 3.74374 14.0496 1.70621
0.73 3.74398 14.0517 1.70538
0.735 3.74384 14.0511 1.70583
0.74 3.74445 14.0564 1.70358
0.745 3.74449 14.0574 1.70357
0.75 3.74499 14.0619 1.70193
0.755 3.745 14.0625 1.70118
0.76 3.74525 14.0648 1.7003
0.765 3.74512 14.0643 1.70126
0.77 3.74556 14.0684 1.69999
0.775 3.74597 14.0722 1.69869
0.78 3.74555 14.0687 1.69967
0.785 3.74568 14.0705 1.69969
0.79 3.74617 14.0747 1.69749
0.795 3.74679 14.0801 1.69526
0.8 3.74662 14.0795 1.69574
0.805 3.7472 14.0846 1.69423
0.81 3.74689 14.0827 1.69549
0.815 3.74724 14.086 1.69419
0.82 3.74743 14.0879 1.69283
0.825 3.74748 14.089 1.69287
0.83 3.74768 14.0911 1.69279
0.835 3.74781 14.0927 1.69206
0.84 3.74862 14.0995 1.68954
0.845 3.74832 14.0979 1.6906
0.85 3.74813 14.097 1.69089
0.855 3.74885 14.1025 1.68828
0.86 3.74921 14.106 1.68761
0.81 3.7487 14.1003 1.68927
0.815 3.74847 14.0991 1.69039
0.82 3.74834 14.0987 1.69048
0.825 3.74897 14.1041 1.68863
0.83 3.74897 14.1046 1.68816
0.835 3.74886 14.1041 1.68881
0.84 3.7495 14.1098 1.68668
0.845 3.74933 14.109 1.68709
0.85 3.75003 14.1152 1.68503
0.855 3.75024 14.1174 1.6845
0.86 3.75029 14.1186 1.68476
0.865 3.75042 14.12 1.68406
0.87 3.75059 14.1217 1.68343
0.875 3.75077 14.1238 1.68298
0.88 3.75071 14.1238 1.68346
0.885 3.75092 14.1247 1.6823
0.89 3.75105 14.1264 1.68239
0.895 3.75088 14.1257 1.68313
0.9 3.75133 14.1296 1.68162
0.905 3.7516 14.1323 1.68058
0.91 3.75139 14.131 1.68115
0.945 3.75191 14.1356 1.67954
0.95 3.75219 14.1382 1.67863
0.955 3.75204 14.1377 1.67938
0.96 3.752 14.138 1.68002
0.965 3.75273 14.1442 1.67743
0.97 3.75231 14.1415 1.67849
0.975 3.75299 14.1473 1.67675
0.98 3.75276 14.1455 1.67743
0.985 3.75317 14.1493 1.67587
1.01 3.75331 14.151 1.67583
1.015 3.75333 14.1514 1.67605
1.02 3.75322 14.1512 1.67624
1.005 3.75402 14.1579 1.67376
1.01 3.75375 14.156 1.67496
1.015 3.7544 14.1615 1.67266
1.02 3.75372 14.1567 1.67421
1.025 3.75444 14.163 1.67272
1.03 3.75476 14.1658 1.67184
1.035 3.75407 14.1609 1.67334
1.07 3.75477 14.1671 1.67208
1.075 3.75502 14.1694 1.67097
1.05 3.75487 14.1686 1.67153
1.055 3.7554 14.1734 1.67031
1.06 3.75505 14.1712 1.6707
1.075 3.75527 14.1735 1.67087
1.07 3.75549 14.175 1.66973
1.085 3.75546 14.176 1.66991
1.09 3.7559 14.1792 1.66905
1.095 3.75619 14.182 1.66834
1.1 3.75599 14.1808 1.66896
1.105 3.75636 14.1841 1.66744
1.11 3.75631 14.1841 1.66777
1.115 3.75598 14.1821 1.66889
1.12 3.75699 14.1907 1.66632
1.125 3.75672 14.189 1.66692
1.13 3.75709 14.1925 1.66581
1.135 3.75737 14.1949 1.6646
1.14 3.75752 14.1967 1.66454
1.145 3.75726 14.1951 1.66517
1.15 3.75797 14.2013 1.66359
1.155 3.75782 14.2006 1.66417
1.12 3.7578 14.2007 1.66425
1.125 3.75779 14.2011 1.66466
1.13 3.75836 14.206 1.663
1.135 3.75822 14.2057 1.66354
1.14 3.75855 14.2083 1.66263
1.145 3.75379 14.159 1.69837
1.15 3.7532 14.1535 1.70158
1.155 3.75237 14.146 1.70524
1.16 3.75018 14.1218 1.72699
1.165 3.74913 14.1123 1.72914
1.17 3.74934 14.1136 1.7279
1.175 3.74827 14.1036 1.73269
1.18 3.75348 14.1571 1.69825
