0.93 4.01786 16.7525 1.44948
0.935 4.01734 16.7486 1.44884
0.94 4.01857 16.7588 1.44681
1.02 4.0165 16.7408 1.44844
1.025 4.06172 17.2108 1.40493
1.03 4.06602 17.2469 1.40144
1.035 4.05997 17.192 1.40674
1.04 4.06094 17.1965 1.40567
1.145 4.05969 17.1864 1.40736
1.15 4.05952 17.1801 1.40752
1.005 4.0412 16.9914 1.42402
1.01 4.03707 16.9467 1.42776
1.015 4.04873 17.0709 1.41701
1.02 4.04836 17.0638 1.41604
1.025 4.04337 17.0164 1.42104
1.03 4.04378 17.018 1.42153
1.035 4.04535 17.0305 1.42056
1.04 4.04484 17.0269 1.42046
1.045 4.0406 16.9835 1.42334
1.05 4.02867 16.8562 1.43486
1.055 4.02545 16.8221 1.43733
1.06 4.03049 16.8804 1.43304
1.065 4.03036 16.8705 1.43323
1.07 4.02433 16.8121 1.43857
1.075 4.02402 16.806 1.43918
1.08 4.02373 16.803 1.43877
1.085 4.01963 16.7626 1.44281
1.09 4.01989 16.77 1.44201
1.095 4.02052 16.7687 1.44191
1.1 4.01708 16.7336 1.44445
1.105 4.00983 16.657 1.45295
1.11 4.00881 16.6433 1.45368
1.115 4.00949 16.6511 1.45302
0.215 4.03556 16.9333 1.43037
0.22 4.05103 17.0955 1.4166
0.225 4.05406 17.1302 1.41251
0.23 4.04978 17.087 1.41604
0.235 4.04785 17.0625 1.41749
0.24 4.04646 17.0567 1.41773
0.245 4.04837 17.0764 1.41635
0.25 4.03826 16.9565 1.42729
0.255 4.03547 16.9413 1.42768
0.26 4.03621 16.9399 1.42723
0.265 4.03559 16.9313 1.42739
0.27 4.03546 16.9209 1.42756
0.275 4.03692 16.9388 1.42708
0.28 4.03408 16.9123 1.42817
0.285 4.03742 16.9434 1.42481
0.29 4.02554 16.8215 1.43881
0.295 4.0242 16.8074 1.43963
0.3 4.00868 16.6487 1.45321
0.305 4.01446 16.6993 1.44827
0.31 4.01648 16.7246 1.44652
0.315 4.01639 16.7231 1.44533
0.32 4.01975 16.7617 1.44164
0.325 3.98976 16.442 1.47124
0.33 3.99256 16.4684 1.46749
0.335 3.99359 16.4792 1.46647
0.34 3.99594 16.5048 1.46349
0.345 3.99732 16.5194 1.46153
0.35 3.99858 16.5316 1.46069
0.355 4.0026 16.5647 1.45704
0.36 4.00131 16.5584 1.45798
0.365 4.00213 16.5663 1.45658
0.37 4.00393 16.5857 1.45502
0.375 4.00676 16.6128 1.45255
0.38 4.0081 16.628 1.45083
0.385 4.0097 16.6464 1.44907
0.39 4.01276 16.6745 1.44604
0.395 4.01322 16.6832 1.44553
0.4 4.01779 16.7209 1.44271
0.405 4.01255 16.6736 1.4465
0.41 4.01386 16.6877 1.4451
0.415 4.01689 16.7178 1.44214
0.42 4.01761 16.7264 1.44122
0.425 4.02515 16.799 1.4346
0.43 4.01982 16.7499 1.4387
0.435 4.02528 16.8094 1.43405
0.495 4.02903 16.8387 1.43141
0.5 4.02244 16.7804 1.43611
0.505 4.01649 16.7122 1.44226
0.51 4.02002 16.7493 1.43892
0.515 4.02036 16.7589 1.43819
0.52 4.02564 16.8056 1.43345
0.525 4.02564 16.8092 1.43346
0.53 4.02694 16.8266 1.43189
0.355 4.02746 16.8295 1.432
0.36 4.02889 16.8364 1.43177
0.365 4.02877 16.8441 1.42994
0.37 4.03014 16.8602 1.42865
0.375 4.03236 16.8792 1.42711
0.38 4.03207 16.8833 1.42675
0.385 4.03274 16.8923 1.42601
0.39 4.03894 16.9475 1.42143
0.62 4.04104 16.9705 1.41903
0.625 4.04144 16.9704 1.41963
0.63 4.04284 16.9879 1.41812
0.635 4.04402 17.0028 1.41639
0.64 4.04499 17.0162 1.41478
0.645 4.04533 17.0214 1.41509
0.65 4.04009 16.9626 1.41958
0.655 4.04602 17.0249 1.41351
0.66 4.05008 17.0657 1.41156
0.665 4.04755 17.0466 1.412
0.67 4.03879 16.9507 1.42023
0.675 4.04174 16.9803 1.41747
0.68 4.0379 16.9348 1.42189
0.685 4.04438 17.0051 1.41629
0.69 4.04562 17.02 1.41448
0.695 4.04468 17.0158 1.41468
0.7 4.04091 16.9761 1.41815
0.705 4.04287 16.9942 1.41745
0.71 4.04345 16.9994 1.41641
0.715 4.04516 17.0168 1.41505
0.72 4.04738 17.0355 1.41342
0.725 4.0466 17.0365 1.41376
0.73 4.04766 17.0481 1.41224
0.535 4.05016 17.0757 1.40966
0.54 4.05289 17.0956 1.40847
0.745 4.05294 17.1005 1.40837
0.55 4.05554 17.1262 1.40659
0.555 4.05574 17.1276 1.40557
0.56 4.05635 17.138 1.405
0.765 4.05827 17.1511 1.40425
0.77 4.05921 17.1676 1.40251
0.775 4.05403 17.1093 1.4078
0.58 4.05449 17.1166 1.40653
0.635 4.05571 17.1282 1.40587
0.64 4.05744 17.1439 1.40477
0.645 4.05258 17.098 1.40814
0.8 4.05366 17.1122 1.40672
0.655 4.05572 17.1345 1.40548
0.66 4.05746 17.1474 1.40412
0.665 4.05903 17.1634 1.40247
0.67 4.0587 17.166 1.40312
0.675 4.0599 17.1755 1.40256
0.68 4.05837 17.1624 1.40298
0.685 4.06342 17.2076 1.39956
0.69 4.06224 17.2043 1.40075
0.695 4.06346 17.2162 1.3991
0.7 4.0639 17.2232 1.39805
0.705 4.06639 17.246 1.39652
0.71 4.06778 17.2619 1.3956
0.715 4.06968 17.2797 1.39448
0.765 4.06818 17.2692 1.39443
0.77 4.06765 17.264 1.39521
0.775 4.06922 17.275 1.39438
0.78 4.07008 17.2897 1.39332
0.785 4.07156 17.3021 1.39206
0.79 4.07017 17.2918 1.39339
0.795 4.07494 17.3313 1.38986
0.8 4.07385 17.326 1.39109
0.805 4.07525 17.3446 1.3903
0.685 4.06668 17.2507 1.39696
0.69 4.06797 17.2652 1.39604
0.695 4.06879 17.2773 1.39514
0.7 4.0715 17.3039 1.39265
0.705 4.07329 17.3223 1.39113
0.71 4.07414 17.3299 1.39096
0.715 4.07415 17.3341 1.39047
0.72 4.07479 17.3388 1.39047
0.725 4.07491 17.3417 1.3901
0.73 4.07828 17.3745 1.38786
0.735 4.07739 17.3698 1.3882
0.74 4.08126 17.4029 1.38599
0.745 4.07342 17.3303 1.39074
0.75 4.074 17.34 1.38953
0.755 4.07956 17.3863 1.38643
0.76 4.08094 17.3985 1.38596
0.765 4.07952 17.3924 1.38602
0.77 4.08054 17.4022 1.38536
0.775 4.08032 17.4017 1.38564
0.78 4.08195 17.4155 1.38431
0.785 4.08128 17.4126 1.38478
0.915 4.08198 17.4269 1.38324
0.92 4.08101 17.4106 1.38514
0.925 4.08412 17.4346 1.38339
0.93 4.08146 17.4137 1.38448
0.935 4.08649 17.4621 1.38164
0.94 4.08492 17.4511 1.38164
0.945 4.08482 17.4534 1.38196
0.95 4.08502 17.4582 1.38119
0.955 4.08593 17.466 1.38092
0.96 4.08641 17.4698 1.38055
0.965 4.08743 17.4808 1.37988
0.97 4.08901 17.4983 1.37927
0.975 4.09181 17.5235 1.37715
0.98 4.08939 17.5097 1.37778
0.985 4.09304 17.5401 1.37635
0.99 4.08773 17.4886 1.38037
0.995 4.08634 17.4769 1.38137
1 4.09048 17.5114 1.37887
1.005 4.08761 17.4836 1.38167
1.01 4.0828 17.4436 1.38537
1.015 4.08372 17.4438 1.38484
0.92 4.08048 17.4164 1.38731
1.025 4.08379 17.4398 1.38588
0.93 4.08308 17.4382 1.38612
1.035 4.07987 17.413 1.38883
1.04 4.08297 17.4382 1.38672
