0.26 4.11945 17.7772 2.33444
0.265 4.11746 17.7557 2.33032
0.27 4.11532 17.7349 2.32683
0.275 4.11117 17.6911 2.32405
0.28 4.1095 17.675 2.31947
0.285 4.10838 17.6612 2.31678
0.29 4.10156 17.5965 2.30881
0.295 4.10324 17.611 2.30803
0.3 4.0987 17.5681 2.30455
0.305 4.09747 17.5542 2.30095
0.31 4.09394 17.5183 2.29703
0.315 4.09176 17.4947 2.2929
0.32 4.09026 17.4807 2.28864
0.325 4.08503 17.425 2.2832
0.33 4.08397 17.4158 2.28343
0.335 4.0805 17.3829 2.27731
0.34 4.0799 17.3771 2.27578
0.345 4.07851 17.36 2.27191
0.35 4.07391 17.3161 2.26591
0.355 4.07253 17.3022 2.26621
0.36 4.06849 17.265 2.26091
0.365 4.06951 17.2682 2.26036
0.37 4.06603 17.2383 2.25535
0.375 4.06398 17.2135 2.25199
0.38 4.06322 17.2083 2.24887
0.385 4.06238 17.199 2.24742
0.39 4.05917 17.1679 2.24401
0.395 4.05787 17.1529 2.24126
0.4 4.05717 17.1469 2.23869
0.405 4.05339 17.1122 2.23338
0.41 4.0517 17.0947 2.23052
0.415 4.05106 17.0868 2.22918
0.42 4.05026 17.0804 2.22902
0.425 4.04878 17.0631 2.22598
0.43 4.04607 17.0405 2.22268
0.435 4.04367 17.015 2.2194
0.44 4.04132 16.9911 2.21633
0.445 4.04361 17.0149 2.2173
0.45 4.04351 17.0107 2.21577
0.43 4.0395 16.9729 2.211
0.435 4.03925 16.9721 2.2105
0.44 4.03698 16.9496 2.20774
0.445 4.03772 16.9548 2.2072
0.45 4.03769 16.9525 2.20698
0.455 4.03443 16.9246 2.20287
0.46 4.03227 16.9027 2.20028
0.465 4.03319 16.9101 2.19943
0.47 4.02945 16.8774 2.19403
0.475 4.02642 16.8447 2.19569
0.48 4.0299 16.8775 2.19426
0.485 4.03066 16.8846 2.19345
0.49 4.02821 16.8621 2.1916
0.495 4.02724 16.8513 2.18945
0.5 4.02673 16.8461 2.18886
0.505 4.02525 16.8347 2.18804
0.51 4.02387 16.8191 2.18564
0.515 4.02444 16.8237 2.18483
0.52 4.02086 16.7913 2.18133
0.525 4.02482 16.826 2.18203
0.53 4.02303 16.8101 2.18126
0.535 4.02412 16.8194 2.18098
0.54 4.02088 16.788 2.17749
0.545 4.02008 16.7785 2.17563
0.55 4.01929 16.7738 2.17349
0.555 4.01921 16.7698 2.17348
0.56 4.01733 16.7548 2.1704
0.565 4.01583 16.742 2.16825
0.57 4.01869 16.7671 2.17034
0.575 4.01629 16.7429 2.1676
0.58 4.01282 16.7124 2.16372
0.585 4.01642 16.7449 2.166
0.59 4.0128 16.711 2.16141
0.635 4.01267 16.7084 2.16105
0.64 4.01547 16.7359 2.16328
0.62 4.01274 16.7101 2.15898
0.65 4.00936 16.6785 2.1574
0.655 4.01258 16.7093 2.16404
0.635 4.01248 16.7071 2.16096
0.64 4.01077 16.6908 2.16042
0.645 4.01137 16.697 2.15784
0.65 4.01203 16.7027 2.15851
0.695 4.00829 16.6684 2.15474
0.7 4.00918 16.6757 2.15575
0.705 4.00976 16.6807 2.15485
0.71 4.00796 16.6621 2.15262
0.715 4.0077 16.6612 2.15113
0.68 4.00766 16.6614 2.14971
0.685 4.00699 16.653 2.14923
0.69 4.00904 16.6741 2.15034
0.695 4.00723 16.6556 2.14835
0.7 4.00558 16.6385 2.14654
0.705 4.00614 16.6448 2.14673
0.71 4.0064 16.6479 2.14586
0.715 4.00467 16.6282 2.1457
0.72 4.00287 16.6138 2.14183
0.725 4.00165 16.6023 2.14011
0.73 4.00286 16.6126 2.14057
0.735 4.00172 16.6017 2.14027
0.74 4.00081 16.5939 2.13726
0.745 4.00057 16.591 2.13736
0.75 3.99975 16.5834 2.1363
0.755 4.00173 16.6039 2.1369
0.76 3.9995 16.583 2.13464
0.75 3.99856 16.5738 2.13385
0.755 4.00152 16.5992 2.13529
0.76 4.00009 16.5855 2.13214
0.765 3.99868 16.5731 2.13095
0.77 3.99787 16.5649 2.12929
0.775 3.99896 16.5766 2.12862
0.78 3.9976 16.5643 2.12904
0.785 3.99711 16.5576 2.12794
0.79 3.99728 16.5594 2.12716
0.795 3.99705 16.5572 2.1277
0.8 3.99616 16.549 2.12488
0.805 3.99641 16.5502 2.12434
0.81 3.99542 16.5429 2.12435
0.815 3.99667 16.5516 2.12364
0.82 3.9954 16.5408 2.12414
0.825 3.99595 16.5462 2.12383
0.805 3.99534 16.5415 2.12147
0.865 3.99782 16.5618 2.12341
0.815 3.99319 16.5219 2.12028
0.835 3.99558 16.5434 2.1212
0.84 3.99573 16.5447 2.12128
0.845 3.9958 16.5446 2.11993
0.835 3.99302 16.5179 2.11703
0.84 3.99202 16.5134 2.11544
0.845 3.9925 16.5136 2.11748
0.85 3.99376 16.5259 2.11648
0.855 3.99393 16.528 2.11539
0.86 3.99331 16.5226 2.11542
0.88 3.99067 16.4953 2.11449
0.87 3.99119 16.504 2.11208
0.89 3.98792 16.4719 2.10887
0.88 3.99274 16.5159 2.11387
0.885 3.9931 16.5185 2.11032
0.89 3.99206 16.5117 2.11129
0.91 3.99019 16.4939 2.10883
0.915 3.99082 16.4989 2.10983
0.92 3.98993 16.4907 2.10717
0.925 3.98743 16.4668 2.10552
1 3.98734 16.4658 2.10507
0.935 3.98981 16.4906 2.1086
0.94 3.99014 16.4937 2.10751
1.015 3.99046 16.4944 2.10722
0.95 3.98765 16.469 2.10285
0.955 3.98819 16.4748 2.10357
0.96 3.98625 16.4566 2.10291
0.95 3.98732 16.4652 2.10441
0.955 3.98825 16.4742 2.10456
0.96 3.98788 16.4702 2.10435
0.965 3.98656 16.4607 2.10001
0.97 3.98578 16.4523 2.10023
0.975 3.98617 16.4542 2.09979
0.98 3.98736 16.4651 2.10039
0.985 3.98516 16.4457 2.09872
0.99 3.98514 16.4454 2.09666
0.995 3.98462 16.4401 2.0964
1 3.98696 16.4623 2.09743
1.005 3.98495 16.4438 2.09675
1.01 3.98387 16.4357 2.09697
1.015 3.9851 16.4456 2.09679
1.035 3.98551 16.447 2.09933
1.04 3.98637 16.4572 2.09809
1.045 3.98491 16.4417 2.09627
1.05 3.98574 16.4513 2.09555
1.11 3.98594 16.4541 2.09631
1.115 3.98372 16.4313 2.09498
1.065 3.98367 16.4302 2.09356
1.07 3.98455 16.44 2.09317
1.06 3.98647 16.4583 2.09349
1.08 3.9822 16.4176 2.09265
1.07 3.98223 16.4166 2.09287
1.075 3.98508 16.4435 2.09298
1.08 3.98335 16.4304 2.09262
1.1 3.98405 16.435 2.0919
1.105 3.98326 16.4277 2.08918
1.11 3.98322 16.4286 2.09067
1.115 3.98469 16.4397 2.0928
1.12 3.98286 16.4267 2.0896
1.125 3.98299 16.4263 2.08879
1.115 4.02464 16.841 2.16046
1.12 4.02217 16.814 2.15508
1.125 4.02068 16.8004 2.15621
1.13 4.06049 17.1956 2.22115
1.15 4.06146 17.2051 2.22309
1.14 4.05726 17.1645 2.22069
1.145 4.06974 17.2889 2.24029
1.15 4.07132 17.2995 2.24048
1.155 4.06694 17.258 2.23711
1.16 4.09192 17.507 2.27803
1.165 4.0919 17.5021 2.27888
1.17 4.08725 17.4604 2.27636
1.175 4.09714 17.5527 2.28954
1.18 4.09412 17.5231 2.28915
1.185 4.09701 17.551 2.29065
1.19 4.09336 17.5153 2.28659
1.195 4.09336 17.5151 2.28979
0.2 4.11155 17.6927 2.31944
0.205 4.11837 17.7673 2.33162
