0.21 3.91135 15.6574 2.17116
0.22 3.91301 15.6736 2.17498
0.22 3.90903 15.637 2.16897
0.225 3.90815 15.6274 2.16521
0.23 3.90568 15.6031 2.16113
0.235 3.90237 15.5701 2.15555
0.24 3.89933 15.5418 2.15019
0.245 3.89914 15.5381 2.14746
0.25 3.89491 15.499 2.14273
0.255 3.89231 15.4746 2.13714
0.27 3.89145 15.4649 2.13586
0.275 3.89165 15.465 2.13244
0.28 3.88788 15.432 2.12737
0.285 3.88573 15.4116 2.12265
0.29 3.88494 15.4022 2.12031
0.295 3.88274 15.3819 2.11518
0.3 3.87986 15.3563 2.11243
0.305 3.87828 15.3415 2.1074
0.31 3.87686 15.3267 2.10408
0.315 3.87729 15.329 2.10334
0.32 3.8746 15.304 2.09999
0.33 3.87443 15.3011 2.0973
0.335 3.87441 15.3019 2.09699
0.34 3.8724 15.2829 2.09381
0.34 3.87012 15.263 2.09067
0.345 3.86994 15.2592 2.08749
0.35 3.86919 15.2512 2.08607
0.355 3.86703 15.2324 2.08185
0.36 3.86603 15.2226 2.07909
0.365 3.86581 15.2192 2.07794
0.37 3.86473 15.209 2.07472
0.375 3.86455 15.2068 2.07432
0.38 3.86219 15.1855 2.07038
0.385 3.86132 15.1766 2.06764
0.39 3.86113 15.175 2.06671
0.395 3.86002 15.1649 2.06455
0.4 3.86045 15.168 2.06266
0.405 3.85863 15.1522 2.05935
0.41 3.85679 15.1354 2.05668
0.415 3.85686 15.1352 2.0555
0.42 3.85463 15.115 2.05061
0.42 3.85334 15.102 2.04843
0.425 3.85606 15.1242 2.04988
0.43 3.85501 15.1166 2.05017
0.435 3.8545 15.1122 2.04866
0.435 3.85283 15.0968 2.04702
0.44 3.85398 15.1058 2.04609
0.445 3.85213 15.0891 2.04237
0.455 3.85152 15.0838 2.0416
0.46 3.85119 15.0803 2.04099
0.465 3.85017 15.0705 2.03704
0.465 3.84898 15.0608 2.03533
0.475 3.84974 15.0649 2.03364
0.475 3.84845 15.0547 2.03142
0.485 3.84709 15.0432 2.02885
0.485 3.84831 15.0525 2.02889
0.49 3.84734 15.0432 2.02856
0.495 3.84746 15.0445 2.02525
0.5 3.84422 15.0153 2.02445
0.51 3.8448 15.0207 2.02388
0.51 3.84385 15.0117 2.01973
0.515 3.84402 15.0133 2.01867
0.52 3.84332 15.0069 2.01713
0.525 3.84416 15.0137 2.01702
0.53 3.84329 15.0054 2.01549
0.535 3.84264 14.9995 2.0142
0.54 3.84177 14.9934 2.01145
0.545 3.84147 14.9892 2.01172
0.58 3.84164 14.9902 2.00906
0.585 3.84054 14.9799 2.00869
0.59 3.83946 14.9713 2.00519
0.595 3.84154 14.9888 2.00627
0.595 3.84082 14.9819 2.00447
0.6 3.83943 14.9704 2.00429
0.605 3.83974 14.9728 2.0046
0.61 3.83919 14.9675 2.00189
0.615 3.83898 14.966 1.99985
0.62 3.83821 14.9576 1.99904
0.625 3.83784 14.9544 1.99715
0.63 3.83808 14.9569 1.99762
0.635 3.83695 14.9476 1.99648
0.64 3.83652 14.9438 1.99237
0.645 3.83788 14.9545 1.99525
0.65 3.83691 14.9468 1.99298
0.655 3.83522 14.932 1.9915
0.66 3.83503 14.93 1.99005
0.665 3.83517 14.9306 1.9888
0.67 3.83538 14.9332 1.98637
0.675 3.83425 14.9233 1.98621
0.68 3.83473 14.9269 1.9858
0.685 3.83396 14.9202 1.98377
0.69 3.83335 14.9149 1.98327
0.695 3.83426 14.9226 1.98429
0.7 3.83385 14.919 1.98187
0.705 3.83465 14.9248 1.98304
0.685 3.83235 14.906 1.97996
0.69 3.83361 14.9167 1.98157
0.695 3.8342 14.921 1.9804
0.7 3.83265 14.9075 1.9774
0.705 3.83278 14.9089 1.97788
0.71 3.83271 14.9083 1.97736
0.715 3.83213 14.904 1.97526
0.72 3.8319 14.9018 1.97382
0.725 3.83218 14.9043 1.97434
0.73 3.83125 14.8952 1.97261
0.735 3.83101 14.8922 1.97301
0.74 3.83171 14.8993 1.97355
0.745 3.83154 14.8975 1.97064
0.75 3.83081 14.8909 1.97073
0.755 3.83079 14.8919 1.96835
0.76 3.83109 14.8938 1.96881
0.765 3.8317 14.899 1.96773
0.77 3.83112 14.8941 1.96664
0.775 3.82978 14.8833 1.96589
0.78 3.82936 14.8788 1.96592
0.785 3.83056 14.8897 1.964
0.79 3.82889 14.8746 1.96406
0.815 3.82912 14.8768 1.96173
0.82 3.82837 14.8703 1.96214
0.825 3.83014 14.8852 1.96448
0.83 3.82801 14.8674 1.96007
0.835 3.82867 14.8725 1.9599
0.84 3.82786 14.8661 1.95992
0.845 3.83018 14.886 1.96026
0.85 3.82987 14.8827 1.96048
0.855 3.82913 14.8766 1.95718
0.875 3.82859 14.8721 1.95727
0.88 3.82796 14.8675 1.95755
0.885 3.82933 14.8786 1.95749
0.89 3.82774 14.8655 1.9557
0.895 3.82771 14.8644 1.95424
0.9 3.82779 14.8645 1.95368
0.905 3.82718 14.8601 1.95191
0.91 3.82767 14.8649 1.95393
0.915 3.82825 14.8691 1.95245
0.92 3.82921 14.8776 1.95188
0.925 3.82756 14.8638 1.95028
0.93 3.82776 14.8648 1.95012
0.935 3.82694 14.8589 1.94942
0.92 3.82689 14.8576 1.94827
0.925 3.82616 14.8522 1.94861
0.93 3.82717 14.8608 1.94887
0.95 3.82679 14.8572 1.94835
0.955 3.82632 14.8539 1.94807
0.945 3.82714 14.8606 1.94904
0.95 3.82594 14.8511 1.94487
0.955 3.82612 14.8518 1.94693
0.975 3.82623 14.8531 1.94553
0.98 3.82729 14.8619 1.94505
0.985 3.82696 14.8595 1.94429
0.975 3.82643 14.8549 1.94398
0.995 3.82653 14.8552 1.94208
1 3.82549 14.8464 1.94082
0.99 3.82611 14.8521 1.94285
0.995 3.82531 14.8457 1.9418
1.015 3.82633 14.8533 1.94167
1.02 3.82504 14.843 1.94006
1.025 3.82492 14.8426 1.93988
1.03 3.82576 14.849 1.93832
1.035 3.82497 14.8429 1.93938
1.025 3.82628 14.8537 1.93935
1.03 3.82479 14.8414 1.9389
1.035 3.82429 14.8374 1.93765
1.04 3.82474 14.8418 1.93708
1.045 3.82652 14.8558 1.93773
1.05 3.82499 14.8432 1.93791
1.055 3.82623 14.8548 1.93752
1.06 3.82444 14.8391 1.93369
1.065 3.82475 14.841 1.93451
1.07 3.82471 14.8415 1.93383
1.07 3.82562 14.8492 1.93422
1.075 3.82682 14.8579 1.93552
1.08 3.82394 14.8356 1.93293
1.085 3.82439 14.8392 1.93286
1.09 3.82504 14.8449 1.93175
1.095 3.82485 14.8431 1.93128
1.1 3.82605 14.8537 1.93247
1.105 3.82503 14.8445 1.93229
1.14 3.82396 14.8363 1.9305
1.145 3.82467 14.8421 1.93141
1.15 3.82378 14.8354 1.9289
1.155 3.82457 14.8411 1.93042
1.13 3.8253 14.8472 1.92883
1.135 3.82458 14.8417 1.92928
1.14 3.82443 14.8407 1.92995
1.145 3.82408 14.8382 1.92693
1.15 3.82367 14.8344 1.92628
1.155 3.82329 14.8313 1.92809
1.16 3.8248 14.8437 1.92849
1.165 3.82294 14.8283 1.92472
1.17 3.83062 14.9003 1.94595
1.175 3.83002 14.8931 1.94588
1.18 3.84184 15.0051 1.9744
1.185 3.83759 14.9651 1.96333
1.19 3.85374 15.1167 2.00767
1.195 3.85771 15.1541 2.02437
0.2 3.87154 15.2821 2.05847
0.205 3.87426 15.308 2.06802
0.225 3.87844 15.3485 2.08298
0.23 3.86737 15.2444 2.0533
