0.36 3.94883 16.0372 2.1799
0.365 3.94648 16.0141 2.17488
0.37 3.94443 15.9931 2.17138
0.375 3.94124 15.9629 2.16299
0.38 3.93853 15.9367 2.15975
0.385 3.93422 15.8968 2.15386
0.39 3.93943 15.9453 2.16117
0.395 3.93508 15.9018 2.1544
0.4 3.93203 15.8739 2.14735
0.405 3.93101 15.8653 2.14684
0.41 3.93083 15.8625 2.14617
0.415 3.92792 15.8345 2.14172
0.42 3.92788 15.8338 2.1412
0.425 3.92397 15.7964 2.13586
0.43 3.92178 15.7744 2.13085
0.435 3.91869 15.7448 2.12316
0.44 3.91614 15.7197 2.11773
0.445 3.91348 15.6931 2.11017
0.45 3.91241 15.6835 2.10943
0.455 3.9143 15.7019 2.11504
0.46 3.91179 15.6768 2.10782
0.465 3.90777 15.6396 2.1013
0.47 3.91276 15.6854 2.10923
0.475 3.91025 15.6625 2.1054
0.48 3.90846 15.6458 2.10179
0.485 3.90798 15.6419 2.10064
0.49 3.9047 15.6114 2.09523
0.495 3.90579 15.6197 2.09278
0.5 3.90197 15.5833 2.08786
0.505 3.90414 15.6043 2.09113
0.51 3.90125 15.5765 2.08576
0.515 3.90033 15.568 2.08398
0.52 3.89859 15.551 2.08099
0.525 3.89972 15.5614 2.08063
0.53 3.89793 15.5429 2.07622
0.625 3.89413 15.5098 2.07015
0.63 3.89658 15.5313 2.075
0.635 3.89614 15.5271 2.07223
0.64 3.89509 15.5177 2.06971
0.645 3.89405 15.5086 2.06914
0.65 3.89291 15.4979 2.06604
0.565 3.89206 15.4885 2.06085
0.57 3.89091 15.4767 2.05693
0.575 3.89035 15.4726 2.05702
0.67 3.88866 15.4574 2.05361
0.675 3.8912 15.4801 2.05675
0.68 3.88713 15.4417 2.04954
0.735 3.8899 15.4694 2.059
0.74 3.89936 15.5559 2.07971
0.745 3.89726 15.5396 2.07495
0.75 3.89712 15.5351 2.07364
0.755 3.89507 15.5175 2.07049
0.76 3.89406 15.5077 2.06619
0.765 3.89203 15.488 2.06278
0.77 3.89143 15.4826 2.06144
0.775 3.89212 15.489 2.06074
0.78 3.8921 15.4887 2.05846
0.785 3.88999 15.4705 2.05836
0.79 3.8914 15.4811 2.05684
0.795 3.88793 15.4506 2.05391
0.8 3.88927 15.4616 2.0544
0.805 3.88908 15.459 2.05204
0.81 3.88759 15.4472 2.05132
0.815 3.88747 15.4459 2.0491
0.82 3.88714 15.4424 2.04859
0.825 3.88725 15.4419 2.04574
0.83 3.88516 15.4243 2.0428
0.835 3.88408 15.414 2.04091
0.84 3.88434 15.4151 2.03798
0.845 3.88384 15.4119 2.03775
0.85 3.88214 15.396 2.03283
0.855 3.88192 15.3936 2.03219
0.81 3.88311 15.4034 2.03377
0.815 3.88252 15.3988 2.03317
0.82 3.88065 15.381 2.0285
0.825 3.8812 15.3871 2.02964
0.83 3.8818 15.392 2.03005
0.835 3.88044 15.3792 2.02767
0.84 3.87913 15.3682 2.02371
0.845 3.87861 15.3641 2.02204
0.85 3.88031 15.3777 2.02331
0.855 3.8792 15.3686 2.0206
0.86 3.87762 15.3524 2.01949
0.865 3.87694 15.3482 2.01801
0.87 3.87793 15.3565 2.0187
0.875 3.8774 15.3517 2.01721
0.88 3.87842 15.3601 2.01821
0.885 3.87522 15.3325 2.01275
0.89 3.87496 15.3301 2.01187
0.895 3.87479 15.3277 2.01178
0.855 3.87509 15.3313 2.0112
0.905 3.87628 15.3418 2.0143
0.865 3.87654 15.3445 2.01319
0.87 3.8756 15.3372 2.01517
0.875 3.87665 15.3457 2.01744
0.88 3.87687 15.3472 2.01591
0.885 3.87527 15.3334 2.01281
0.89 3.87557 15.3349 2.00961
0.895 3.87549 15.3349 2.00961
0.9 3.87407 15.3218 2.00746
0.905 3.87422 15.3239 2.00668
0.91 3.87444 15.3262 2.00594
0.915 3.8761 15.3382 2.00718
0.92 3.87525 15.3321 2.00701
0.925 3.87535 15.334 2.00827
0.93 3.87451 15.3255 2.00601
0.935 3.87675 15.3464 2.0145
0.94 3.87521 15.3325 2.01191
0.945 3.87594 15.3391 2.0133
0.95 3.8767 15.3451 2.01284
0.955 3.87488 15.3298 2.00998
0.96 3.87471 15.3281 2.01063
0.965 3.87574 15.3369 2.00693
0.97 3.87429 15.3234 2.00635
0.975 3.87412 15.3222 2.00508
0.98 3.8759 15.338 2.00837
0.985 3.87429 15.3239 2.00711
0.99 3.87497 15.3296 2.00442
0.995 3.87532 15.3322 2.00558
1.1 3.87368 15.3178 2.00318
1.105 3.87212 15.3056 2.00152
0.97 3.87397 15.3201 2.00101
0.975 3.87325 15.3151 2.00135
0.93 3.87261 15.3083 2.00233
0.985 3.87196 15.3039 1.99868
0.99 3.87219 15.3057 2.00064
0.995 3.87327 15.3161 1.99901
1 3.8713 15.2978 1.99572
1.005 3.87307 15.3134 1.99719
1.01 3.87049 15.2922 1.99416
1.015 3.87158 15.3003 1.99591
1.02 3.87081 15.2932 1.9931
1.025 3.87163 15.3008 1.99243
1.12 3.87206 15.3043 1.99216
1.125 3.87131 15.299 1.99786
1.13 3.87126 15.2969 1.99673
1.135 3.87228 15.3064 1.99576
1.14 3.87287 15.3109 1.99597
1.145 3.87295 15.3117 1.99567
1.15 3.88452 15.4253 2.02306
1.065 3.88779 15.4558 2.03247
1.07 3.8871 15.4482 2.02839
1.075 3.88896 15.4672 2.03207
1.08 3.88931 15.4701 2.03543
1.085 3.88949 15.4724 2.03506
1.09 3.89015 15.4784 2.03592
1.095 3.88566 15.4356 2.02569
1.1 3.88439 15.4238 2.02433
1.105 3.8834 15.4148 2.02272
1.11 3.88883 15.4666 2.03383
1.115 3.88729 15.4534 2.03045
1.12 3.88764 15.4574 2.03154
1.125 3.88908 15.4676 2.03537
1.13 3.88679 15.4472 2.0311
1.135 3.88756 15.4534 2.02983
1.14 3.88877 15.4651 2.03271
1.145 3.88829 15.4605 2.03076
1.15 3.88562 15.4368 2.02846
1.155 3.88943 15.4705 2.03542
1.16 3.90452 15.6149 2.06551
1.165 3.90742 15.6463 2.07565
1.17 3.90668 15.637 2.0717
1.175 3.90732 15.6398 2.0719
1.18 3.90448 15.6149 2.06983
1.185 3.90049 15.5793 2.06407
1.19 3.9024 15.5968 2.0659
1.195 3.90044 15.5775 2.06422
0.2 3.93356 15.896 2.1379
0.205 3.92304 15.7921 2.11245
0.21 3.92292 15.793 2.11485
0.215 3.92573 15.8199 2.12148
0.22 3.92873 15.8454 2.12857
0.225 3.92614 15.8194 2.12217
0.23 3.92666 15.8255 2.12565
0.235 3.91641 15.7302 2.10463
0.24 3.9149 15.7147 2.10134
1.195 3.88869 15.4623 2.034
0.2 3.92693 15.8299 2.12295
0.205 3.92589 15.8205 2.1234
0.21 3.92637 15.8239 2.1239
0.215 3.92655 15.8261 2.12613
0.27 3.9189 15.7494 2.11425
0.225 3.92587 15.8181 2.12606
0.23 3.92712 15.8294 2.13014
0.235 3.92161 15.7789 2.11639
0.24 3.92188 15.7804 2.12067
0.245 3.93395 15.8942 2.14571
0.25 3.93046 15.8631 2.14028
0.255 3.92967 15.8558 2.14021
0.26 3.93013 15.8569 2.13944
0.265 3.92977 15.8529 2.13931
0.27 3.92924 15.8471 2.13793
0.275 3.92918 15.8475 2.13959
0.28 3.93013 15.8565 2.14271
0.285 3.92736 15.83 2.13633
0.385 3.9334 15.8847 2.14912
0.39 3.92903 15.8479 2.14147
0.395 3.92955 15.8502 2.14023
0.4 3.9272 15.828 2.13784
0.405 3.92735 15.8277 2.13822
