0.225 4.00647 16.6567 1.42701
0.23 4.00609 16.6569 1.42708
0.235 3.99397 16.5221 1.44158
0.24 3.99217 16.5057 1.44379
0.245 3.99032 16.4915 1.44476
0.25 3.99036 16.4938 1.44375
0.255 3.96257 16.2035 1.47549
0.26 3.96289 16.201 1.47628
0.265 3.9618 16.1879 1.4774
0.27 3.94028 15.965 1.50154
0.275 3.93629 15.9257 1.50495
0.28 3.94214 15.9817 1.49802
0.285 3.92613 15.8175 1.51624
0.29 3.92279 15.7849 1.51817
0.295 3.92296 15.7823 1.51863
0.3 3.95045 16.0665 1.48799
0.305 3.93196 15.8816 1.50705
0.31 3.93368 15.8924 1.50601
0.315 3.90572 15.598 1.53794
0.32 3.9061 15.6062 1.53644
0.325 3.90745 15.6191 1.53385
0.33 3.90779 15.6255 1.53196
0.335 3.90822 15.631 1.5315
0.34 3.91172 15.6597 1.52848
0.345 3.91231 15.6693 1.52673
0.35 3.91461 15.6884 1.52438
0.355 3.91586 15.7022 1.52192
0.36 3.91768 15.7195 1.51935
0.365 3.91914 15.7337 1.51823
0.37 3.92126 15.7522 1.51588
0.375 3.92126 15.7544 1.51593
0.295 3.92129 15.7561 1.51542
0.3 3.92433 15.7816 1.5108
0.305 3.92409 15.7822 1.51182
0.31 3.92752 15.8134 1.50743
0.315 3.92635 15.8075 1.50793
0.32 3.92912 15.8324 1.50425
0.325 3.92979 15.8393 1.50397
0.33 3.93262 15.8648 1.49995
0.335 3.93372 15.8777 1.49933
0.355 3.93524 15.8945 1.49692
0.36 3.93105 15.8566 1.50144
0.365 3.93189 15.865 1.49987
0.37 3.93358 15.8774 1.49953
0.41 3.93475 15.8918 1.49747
0.415 3.9363 15.9041 1.49589
0.385 3.93635 15.9082 1.49454
0.425 3.93836 15.9251 1.49335
0.43 3.93804 15.9239 1.49314
0.435 3.94153 15.9559 1.48945
0.405 3.94155 15.9567 1.48937
0.445 3.94531 15.9919 1.48576
0.45 3.94427 15.986 1.48601
0.385 3.94384 15.9866 1.48614
0.46 3.9461 16.0057 1.48394
0.465 3.94802 16.0254 1.48123
0.47 3.9473 16.0175 1.48208
0.475 3.94727 16.0195 1.48142
0.48 3.95187 16.0594 1.47812
0.405 3.95076 16.055 1.47792
0.41 3.95397 16.0792 1.47648
0.495 3.95237 16.0717 1.47634
0.5 3.95435 16.0904 1.47425
0.505 3.95566 16.1025 1.47318
0.51 3.95345 16.0827 1.47509
0.515 3.95789 16.1265 1.47071
0.555 3.95863 16.1342 1.46956
0.56 3.95759 16.1217 1.47128
0.53 3.95784 16.1287 1.47014
0.57 3.95941 16.1413 1.46934
0.54 3.95925 16.142 1.46864
0.58 3.96228 16.1674 1.46661
0.585 3.9626 16.1748 1.46522
0.59 3.96169 16.1698 1.46554
0.595 3.96377 16.1876 1.46413
0.6 3.96709 16.2159 1.46154
0.605 3.9689 16.2392 1.45842
0.61 3.9696 16.2443 1.45814
0.615 3.97016 16.2501 1.45772
0.62 3.97107 16.2585 1.45705
0.625 3.97062 16.2568 1.45728
0.63 3.9715 16.2658 1.45658
0.635 3.97151 16.2677 1.45555
0.64 3.97113 16.2608 1.45665
0.645 3.97216 16.2719 1.45578
0.65 3.973 16.28 1.45564
0.655 3.97365 16.2876 1.45433
0.66 3.97408 16.2991 1.45307
0.665 3.97646 16.3177 1.45038
0.615 3.97426 16.2959 1.45317
0.62 3.97496 16.3015 1.45364
0.625 3.97453 16.3007 1.45294
0.63 3.9768 16.3222 1.45054
0.635 3.97868 16.3374 1.44903
0.64 3.97849 16.3397 1.44981
0.645 3.97828 16.3324 1.44977
0.65 3.97732 16.3296 1.45079
0.655 3.97957 16.3479 1.44827
0.66 3.98103 16.3635 1.44717
0.665 3.97966 16.3549 1.44805
0.67 3.9809 16.3654 1.44726
0.675 3.98245 16.38 1.44545
0.68 3.98226 16.3786 1.44521
0.685 3.98296 16.3885 1.44397
0.69 3.98407 16.4004 1.44379
0.695 3.98323 16.3925 1.44437
0.7 3.98358 16.3991 1.44359
0.705 3.98583 16.4169 1.44182
0.71 3.98602 16.4211 1.44142
0.715 3.9855 16.4181 1.44157
0.72 3.98658 16.4287 1.44093
0.725 3.98974 16.4551 1.43907
0.73 3.98765 16.4429 1.43948
0.735 3.99021 16.462 1.43809
0.74 3.98834 16.4504 1.43907
0.745 3.9893 16.4578 1.43834
0.75 3.98986 16.466 1.43773
0.755 3.99253 16.4861 1.43617
0.76 3.99313 16.4936 1.43561
0.765 3.99375 16.5005 1.43428
0.77 3.9923 16.4928 1.4357
0.775 3.99446 16.5108 1.43387
0.78 3.99548 16.5183 1.43253
0.785 3.99676 16.5335 1.43155
0.79 3.99696 16.5377 1.43156
0.795 3.99599 16.5286 1.43223
0.8 3.99775 16.548 1.43044
0.805 3.99835 16.5509 1.4303
0.81 3.99809 16.5501 1.43055
0.815 3.99741 16.5455 1.43049
0.82 4.00198 16.5892 1.42687
0.79 4.00177 16.5872 1.4274
0.795 3.9983 16.564 1.42882
0.8 4.00034 16.575 1.42819
0.805 4.0011 16.5822 1.42805
0.81 4.00012 16.5771 1.42816
0.815 4.00249 16.597 1.42633
0.82 4.00229 16.5974 1.42666
0.825 4.00357 16.6056 1.42541
0.81 4.0046 16.6156 1.42481
0.815 4.00246 16.6036 1.42618
0.82 4.00627 16.6318 1.42278
0.825 4.00337 16.6118 1.42578
0.83 4.00473 16.6238 1.42419
0.835 4.00729 16.6458 1.42259
0.86 4.00677 16.6437 1.423
0.9 4.00399 16.6095 1.42545
0.905 4.00302 16.6056 1.42563
0.91 4.00549 16.6273 1.42375
0.915 4.00444 16.6188 1.42467
0.92 4.00485 16.6269 1.42439
0.925 4.00325 16.617 1.42535
0.93 4.00802 16.6529 1.4223
0.935 4.00546 16.6351 1.42306
0.94 4.00738 16.6535 1.42214
0.945 4.00825 16.6602 1.42133
0.95 4.0089 16.6697 1.42028
0.955 4.01201 16.6908 1.41919
0.895 4.00998 16.6817 1.41939
0.9 4.00971 16.68 1.41956
0.905 4.01022 16.6819 1.41953
0.91 4.00953 16.6806 1.41937
0.915 4.01145 16.6965 1.41798
0.92 4.01275 16.7068 1.41745
0.925 4.01227 16.7061 1.4176
0.93 4.01152 16.7038 1.41774
0.935 4.01207 16.7112 1.41763
0.94 4.01436 16.7269 1.41644
0.945 4.01272 16.7183 1.41698
0.95 4.01535 16.7402 1.41455
0.955 4.01281 16.721 1.41609
0.96 4.01565 16.7451 1.41452
1.01 4.01749 16.7586 1.41407
1.015 4.01394 16.7331 1.41578
1.02 4.01569 16.7443 1.41439
1.025 4.01511 16.7414 1.41438
1.03 4.01665 16.7576 1.41399
1.035 4.01629 16.7561 1.41349
1.04 4.01732 16.7645 1.41319
1.045 4.01591 16.7544 1.41417
1.05 4.01839 16.7763 1.4125
1.055 4.01925 16.7855 1.41127
1.06 4.01841 16.7777 1.41244
1.065 4.01869 16.7824 1.41185
1.07 4.01853 16.7819 1.4119
1.075 4.02093 16.7992 1.41099
1.08 4.02005 16.7942 1.41171
1.085 4.02022 16.7997 1.41068
1.09 4.02068 16.8019 1.41086
1.13 4.01958 16.7961 1.41108
1.06 4.01825 16.7784 1.41206
1.065 4.0207 16.7983 1.41056
1.07 4.02124 16.8039 1.41054
1.075 4.02004 16.7994 1.41063
1.08 4.02158 16.8135 1.40961
1.085 4.00489 16.6412 1.4284
1.09 4.00901 16.6783 1.42443
1.095 4.01709 16.768 1.41498
1.1 4.01831 16.7752 1.41384
1.105 4.01652 16.7603 1.41654
