1.165 3.74838 14.0955 1.84125
1.17 3.7478 14.0905 1.83941
1.175 3.74759 14.0884 1.83914
1.18 3.74714 14.0841 1.83644
1.185 3.74702 14.0827 1.8376
1.19 3.74722 14.0818 1.86668
1.195 3.74723 14.0812 1.87008
0.2 3.74898 14.0908 1.9212
0.205 3.748 14.0823 1.91674
0.21 3.74734 14.0762 1.91129
0.215 3.74652 14.0688 1.90739
0.22 3.74625 14.0658 1.90594
0.225 3.74537 14.0579 1.90208
0.23 3.7448 14.0522 1.8977
0.235 3.74437 14.0483 1.89364
0.24 3.74381 14.0432 1.89048
0.245 3.74315 14.0375 1.88789
0.25 3.743 14.0356 1.88569
0.255 3.74272 14.0331 1.88228
0.26 3.74271 14.0323 1.8807
0.265 3.74179 14.0248 1.87793
0.27 3.7418 14.0245 1.87624
0.275 3.74162 14.0228 1.87361
0.28 3.7415 14.0215 1.87129
0.35 3.74104 14.0175 1.86854
0.355 3.74085 14.0158 1.86691
0.36 3.74062 14.0137 1.86351
0.3 3.74025 14.0104 1.86162
0.37 3.74027 14.0104 1.85928
0.425 3.73999 14.0079 1.85824
0.43 3.73999 14.008 1.85803
0.435 3.7401 14.0086 1.85727
0.44 3.73991 14.007 1.85583
0.445 3.73985 14.0063 1.85227
0.45 3.73967 14.0047 1.84894
0.455 3.73942 14.0026 1.84644
0.46 3.73866 13.9967 1.84281
0.465 3.73886 13.9981 1.84112
0.355 3.73896 13.999 1.84218
0.36 3.73892 13.9986 1.84152
0.365 3.73874 13.9972 1.83755
0.37 3.73922 14.0008 1.83728
0.375 3.73862 13.9963 1.83446
0.38 3.73894 13.9987 1.83193
0.385 3.73896 13.9989 1.83132
0.39 3.7387 13.997 1.82859
0.395 3.73902 13.9995 1.82745
0.4 3.73905 13.9999 1.82346
0.405 3.73902 13.9996 1.82312
0.41 3.73867 13.9971 1.8232
0.59 3.73838 13.995 1.81876
0.595 3.73864 13.9968 1.82216
0.6 3.73872 13.9974 1.8208
0.495 3.73866 13.9971 1.81756
0.5 3.73861 13.9968 1.81856
0.44 3.73862 13.9971 1.81654
0.445 3.73864 13.9975 1.81341
0.45 3.73893 13.9999 1.81362
0.455 3.73909 14.0013 1.81199
0.525 3.73872 13.9987 1.81027
0.465 3.73878 13.9995 1.80999
0.47 3.7392 14.0029 1.80752
0.475 3.73894 14.0012 1.80532
0.48 3.73916 14.003 1.80314
0.485 3.73915 14.0033 1.8034
0.49 3.73908 14.003 1.80166
0.64 3.73942 14.0059 1.8002
0.645 3.73923 14.0036 1.80481
0.505 3.73903 14.0023 1.8048
0.51 3.73905 14.0023 1.80479
0.66 3.73907 14.0028 1.80365
0.665 3.73915 14.0035 1.80213
0.67 3.73957 14.0071 1.8015
0.675 3.7394 14.006 1.80147
0.68 3.73916 14.0045 1.79827
0.685 3.73976 14.0096 1.79558
0.69 3.73903 14.0028 1.79971
0.695 3.73917 14.0043 1.80092
0.7 3.73944 14.0067 1.79831
0.705 3.73949 14.0075 1.79757
0.71 3.73936 14.0067 1.79492
0.715 3.7396 14.0087 1.79484
0.72 3.73956 14.0088 1.79506
0.645 3.73991 14.0118 1.79146
0.65 3.73975 14.0108 1.79281
0.655 3.74008 14.0135 1.79208
0.66 3.73994 14.0129 1.78978
0.665 3.74022 14.0154 1.78847
0.67 3.74043 14.0175 1.78707
0.675 3.74028 14.0168 1.78592
0.68 3.74014 14.0144 1.79081
0.685 3.74041 14.0168 1.78977
0.69 3.7403 14.0165 1.78864
0.695 3.74053 14.0187 1.78613
0.7 3.74038 14.0178 1.78541
0.705 3.74072 14.021 1.78275
0.71 3.74088 14.023 1.78287
0.715 3.74048 14.0195 1.78262
0.72 3.74086 14.0228 1.78234
0.725 3.74106 14.025 1.78047
0.73 3.74116 14.0261 1.77943
0.735 3.7413 14.0277 1.77807
0.74 3.74159 14.0305 1.77683
0.745 3.74169 14.0318 1.77674
0.75 3.74185 14.0335 1.77461
0.755 3.74203 14.0353 1.77349
0.76 3.74194 14.0352 1.77306
0.765 3.7421 14.0367 1.77342
0.77 3.74205 14.0365 1.77134
0.775 3.74246 14.0404 1.77048
0.78 3.74238 14.0402 1.76869
0.785 3.74205 14.0352 1.77607
0.79 3.74184 14.0344 1.77212
0.795 3.74214 14.0373 1.77219
0.8 3.74238 14.0399 1.76994
0.805 3.7425 14.0412 1.76896
0.81 3.74265 14.0429 1.7682
0.815 3.74263 14.0433 1.76719
0.82 3.7429 14.0465 1.76643
0.825 3.74301 14.0476 1.76662
0.83 3.74314 14.049 1.76401
0.835 3.74359 14.0532 1.76286
0.84 3.74361 14.0538 1.76285
0.845 3.74357 14.054 1.7617
0.85 3.74366 14.0552 1.75979
0.855 3.74388 14.0572 1.76122
0.86 3.74416 14.0599 1.7589
0.865 3.74382 14.0562 1.76122
0.87 3.74361 14.0552 1.76023
0.875 3.74425 14.0606 1.75852
0.995 3.7437 14.0569 1.75793
1 3.74437 14.062 1.75696
1.005 3.74412 14.0607 1.75955
0.925 3.74462 14.0654 1.75568
0.93 3.74305 14.0486 1.764
0.935 3.74334 14.0515 1.76092
0.94 3.74334 14.0519 1.76197
0.945 3.74391 14.0569 1.76101
0.95 3.74414 14.0593 1.75983
0.955 3.74409 14.0593 1.75865
0.96 3.74403 14.0589 1.75925
0.965 3.74463 14.0643 1.75739
0.97 3.74401 14.0597 1.75759
0.975 3.7443 14.0625 1.75816
0.98 3.74457 14.0654 1.75534
0.985 3.74501 14.0703 1.75381
0.99 3.74522 14.0717 1.7539
0.995 3.74555 14.0751 1.75294
1 3.74497 14.0712 1.75395
1.005 3.7453 14.0743 1.75054
1.01 3.74563 14.0775 1.7523
1.015 3.74626 14.083 1.74854
1.02 3.7461 14.0823 1.74849
1.025 3.74635 14.0849 1.74776
1.03 3.74601 14.0829 1.74726
1.035 3.74666 14.0885 1.74729
0.955 3.7461 14.0838 1.74721
1.07 3.74618 14.085 1.74576
0.965 3.74674 14.0898 1.74613
0.97 3.7467 14.09 1.74518
0.975 3.74664 14.0898 1.745
0.98 3.7471 14.094 1.74635
0.985 3.74713 14.095 1.74283
0.99 3.74719 14.0959 1.74236
1.105 3.74689 14.0919 1.74553
1.11 3.74725 14.0952 1.74531
1.115 3.74741 14.0971 1.74253
1.12 3.74698 14.0943 1.7442
1.125 3.74735 14.0975 1.74442
1.13 3.74744 14.0985 1.74357
1.165 3.74816 14.1048 1.7398
1.17 3.74804 14.0999 1.76826
1.175 3.74781 14.0987 1.77193
1.18 3.74809 14.101 1.77476
1.045 3.74792 14.0989 1.77776
1.05 3.74815 14.1007 1.77943
1.055 3.74784 14.0983 1.7806
1.06 3.74837 14.1017 1.79002
1.065 3.74858 14.1028 1.79471
1.07 3.74866 14.1035 1.79497
1.075 3.74824 14.0996 1.79946
1.08 3.7485 14.101 1.80527
1.085 3.74818 14.0981 1.80817
1.09 3.74799 14.0957 1.81731
1.095 3.74801 14.0959 1.81611
1.1 3.74768 14.0925 1.81838
1.105 3.74819 14.0957 1.81954
1.11 3.74762 14.0903 1.82273
1.115 3.74765 14.0891 1.836
1.12 3.74762 14.0885 1.83303
1.125 3.74655 14.0794 1.83294
1.13 3.74684 14.0808 1.83695
1.135 3.74637 14.0763 1.83571
1.14 3.74604 14.0726 1.84226
1.145 3.74678 14.0767 1.86089
1.15 3.74599 14.0693 1.86008
1.155 3.74518 14.063 1.851
1.16 3.74508 14.0624 1.8452
1.165 3.74507 14.0611 1.84759
1.17 3.7442 14.0541 1.84551
