0.3 3.7706 14.3138 1.65294
0.305 3.7714 14.3199 1.64938
0.31 3.77072 14.314 1.65042
0.42 3.77022 14.3107 1.65039
0.425 3.77132 14.3193 1.64964
0.43 3.77058 14.312 1.65016
0.435 3.77045 14.312 1.65049
1.195 3.77014 14.3089 1.65121
0.2 3.75358 14.1419 1.69944
0.205 3.75292 14.1337 1.70089
0.21 3.75256 14.1304 1.70132
0.215 3.75125 14.1175 1.70324
0.22 3.75091 14.1127 1.70484
0.225 3.75017 14.1055 1.70555
0.23 3.75007 14.104 1.7047
0.48 3.74954 14.1007 1.70389
0.485 3.74887 14.0929 1.71028
0.49 3.74893 14.0921 1.70963
0.495 3.74808 14.084 1.71061
0.5 3.7457 14.0628 1.72496
0.505 3.7463 14.0673 1.7209
0.51 3.74814 14.0871 1.71552
0.515 3.74801 14.0856 1.71536
0.52 3.74678 14.0727 1.71734
0.525 3.74743 14.0774 1.71474
0.53 3.7488 14.0901 1.70855
0.535 3.74876 14.0914 1.70825
0.54 3.74969 14.0997 1.70386
0.545 3.7504 14.1064 1.70078
0.55 3.75114 14.1134 1.69757
0.555 3.75209 14.1224 1.69328
0.56 3.75326 14.1328 1.68934
0.565 3.75347 14.1357 1.68843
0.57 3.75409 14.1414 1.68553
0.575 3.75455 14.1456 1.68414
0.58 3.75405 14.1426 1.68519
0.585 3.7557 14.1569 1.67935
0.59 3.7566 14.1653 1.6766
0.595 3.75668 14.1671 1.67491
0.6 3.75789 14.1779 1.67248
0.605 3.75774 14.1771 1.67218
0.61 3.75801 14.18 1.67187
0.615 3.75861 14.1857 1.66976
0.62 3.75882 14.1876 1.66925
0.625 3.75937 14.1928 1.66718
0.63 3.75997 14.1987 1.66548
0.635 3.76138 14.211 1.66153
0.64 3.76073 14.2074 1.66287
0.645 3.76135 14.2126 1.6608
0.65 3.76189 14.2177 1.6594
0.335 3.75359 14.1365 1.68667
0.34 3.75413 14.1421 1.68464
0.345 3.75462 14.1467 1.68243
0.35 3.75507 14.151 1.68191
0.355 3.75577 14.1582 1.67909
0.36 3.75585 14.1594 1.67892
0.365 3.75626 14.1623 1.67749
0.37 3.75623 14.1634 1.67721
0.375 3.75694 14.1709 1.6744
0.38 3.75823 14.1828 1.6704
0.385 3.75969 14.1956 1.66638
0.39 3.75904 14.1913 1.66759
0.395 3.76019 14.2017 1.66464
0.4 3.76086 14.2081 1.66328
0.405 3.7611 14.211 1.66161
0.41 3.76147 14.2145 1.66067
0.415 3.76237 14.2223 1.65882
0.42 3.76262 14.225 1.65812
0.425 3.76273 14.2266 1.65719
0.43 3.7629 14.2285 1.65704
0.46 3.76432 14.2421 1.65238
0.465 3.76425 14.2419 1.65233
0.47 3.76459 14.245 1.65137
0.475 3.76605 14.2602 1.64774
0.48 3.76638 14.2638 1.64643
0.46 3.76618 14.2625 1.64713
0.465 3.76369 14.2378 1.65324
0.495 3.76499 14.2496 1.6501
0.475 3.76483 14.2486 1.65094
0.48 3.76657 14.2631 1.64621
0.485 3.76649 14.2643 1.64608
0.49 3.76671 14.267 1.64538
0.495 3.76739 14.2742 1.64351
0.5 3.76828 14.2819 1.6419
0.505 3.76865 14.2857 1.64106
0.51 3.76981 14.2973 1.63796
0.515 3.77013 14.2999 1.63764
0.52 3.76985 14.2974 1.63799
0.525 3.76947 14.2932 1.63918
0.53 3.76941 14.2948 1.63827
0.535 3.77064 14.3061 1.6363
0.54 3.77149 14.3138 1.63425
0.545 3.77163 14.3158 1.63376
0.55 3.77268 14.3254 1.63161
0.555 3.77206 14.3222 1.63228
0.56 3.77378 14.3369 1.62889
0.565 3.77384 14.3381 1.629
0.595 3.77407 14.3412 1.62801
0.6 3.77402 14.341 1.62867
0.605 3.77509 14.3498 1.62608
0.61 3.77561 14.3556 1.62496
0.615 3.77597 14.3598 1.62404
0.62 3.77327 14.3331 1.63013
0.625 3.77331 14.3349 1.62987
0.63 3.77352 14.3364 1.6294
0.635 3.77379 14.3395 1.62888
0.64 3.77496 14.3501 1.62615
0.645 3.77569 14.3575 1.6245
0.65 3.77405 14.3416 1.62813
0.655 3.77586 14.3588 1.62437
0.66 3.77553 14.3563 1.62512
0.91 3.77706 14.3697 1.62172
0.915 3.77643 14.3648 1.62319
0.675 3.77637 14.3654 1.62286
0.68 3.77725 14.3734 1.62141
0.685 3.77862 14.3869 1.61871
0.69 3.77869 14.3882 1.61844
0.695 3.77823 14.3862 1.61912
0.7 3.77796 14.3819 1.61983
0.705 3.779 14.3906 1.61779
0.71 3.77882 14.3902 1.61831
0.715 3.77985 14.4015 1.6161
0.72 3.78095 14.4107 1.61431
0.725 3.78096 14.4117 1.61406
0.73 3.78089 14.4123 1.61368
0.735 3.78242 14.4251 1.61082
0.74 3.7813 14.4186 1.61311
0.745 3.78189 14.424 1.61203
0.75 3.78289 14.433 1.61034
1 3.78299 14.4349 1.6097
1.005 3.78291 14.4353 1.61008
1.065 3.78205 14.4244 1.612
1.07 3.78168 14.4211 1.61185
1.02 3.7829 14.4309 1.60984
1.025 3.78021 14.4065 1.61538
1.03 3.78112 14.4136 1.61384
1.035 3.78116 14.4147 1.61351
1.04 3.78176 14.4206 1.61275
1.1 3.7812 14.4182 1.61333
1.105 3.78184 14.4213 1.6124
1.11 3.78345 14.4368 1.60889
1.115 3.78364 14.4396 1.60868
1.12 3.78374 14.4415 1.60847
1.125 3.78431 14.4477 1.60754
1.13 3.78489 14.4534 1.60656
1.135 3.78508 14.4558 1.60631
1.14 3.78331 14.4403 1.60975
1.145 3.78436 14.4496 1.60737
1.15 3.7847 14.4531 1.60692
1.155 3.78533 14.4602 1.60549
1.16 3.78543 14.4616 1.60543
1.165 3.78707 14.4759 1.60226
1.17 3.78647 14.4728 1.60352
1.175 3.78759 14.482 1.60159
1.18 3.78755 14.483 1.6014
1.185 3.78766 14.4861 1.6016
1.19 3.78878 14.4948 1.5998
1.195 3.78876 14.496 1.59906
0.2 3.77657 14.3744 1.63961
0.205 3.77627 14.3712 1.64118
0.21 3.77694 14.3768 1.63941
0.215 3.77686 14.3767 1.6392
0.22 3.77565 14.3655 1.64155
0.225 3.7782 14.3911 1.63342
0.23 3.7785 14.3943 1.63292
0.235 3.77771 14.3856 1.63571
0.24 3.77523 14.3644 1.64108
0.245 3.77759 14.3862 1.63528
0.25 3.77805 14.3903 1.63413
0.255 3.75994 14.2078 1.69504
0.26 3.75991 14.209 1.69385
0.265 3.76005 14.2096 1.69228
0.27 3.75932 14.2027 1.69337
0.275 3.77587 14.3665 1.63631
0.28 3.77537 14.3608 1.63828
0.285 3.77616 14.3681 1.63559
0.29 3.77465 14.3536 1.63961
0.295 3.77462 14.3536 1.63978
0.3 3.77483 14.3548 1.63955
0.305 3.77327 14.3396 1.64395
0.31 3.76646 14.2714 1.66196
0.21 3.7659 14.2646 1.6651
0.215 3.77002 14.305 1.65074
0.22 3.76794 14.2863 1.65678
0.225 3.76754 14.2817 1.65841
0.23 3.76769 14.284 1.65699
0.235 3.76819 14.2883 1.65607
0.24 3.7671 14.2772 1.65752
0.245 3.76763 14.2811 1.65748
0.25 3.76141 14.2194 1.6767
0.255 3.76093 14.2148 1.67794
0.26 3.76268 14.2327 1.67107
0.265 3.76124 14.2173 1.67583
0.27 3.76121 14.2166 1.67513
0.275 3.76158 14.2214 1.67392
0.28 3.75899 14.1957 1.68131
0.285 3.75855 14.192 1.68208
0.29 3.75838 14.1899 1.68231
0.295 3.75813 14.1859 1.68368
0.255 3.75665 14.1719 1.68689
