1.175 3.75339 14.1393 1.88833
1.18 3.75199 14.1273 1.88386
0.27 3.75223 14.1279 1.88479
0.275 3.75266 14.1321 1.89147
0.28 3.75383 14.1398 1.91051
0.285 3.75405 14.1398 1.93419
0.29 3.75307 14.1307 1.92911
0.295 3.75274 14.1272 1.92787
0.3 3.75114 14.1135 1.92182
0.305 3.75169 14.1168 1.92128
0.31 3.75075 14.1084 1.91651
0.315 3.74961 14.098 1.91165
0.32 3.74907 14.0927 1.90796
0.325 3.74832 14.0865 1.9048
0.33 3.74828 14.0854 1.90336
0.335 3.7474 14.0775 1.89882
0.34 3.74918 14.0942 1.90881
0.345 3.74861 14.0887 1.9043
0.35 3.74854 14.0877 1.90338
0.355 3.74771 14.0804 1.89888
0.36 3.74797 14.082 1.89867
0.365 3.74719 14.0748 1.89407
0.37 3.7464 14.0679 1.88904
0.375 3.74542 14.0597 1.88452
0.38 3.74537 14.059 1.88389
0.385 3.7456 14.0607 1.88422
0.39 3.74465 14.0525 1.87792
0.395 3.74497 14.0544 1.87723
0.4 3.74455 14.0507 1.87453
0.425 3.74451 14.0502 1.8716
0.43 3.7446 14.0514 1.87548
0.435 3.74522 14.0563 1.88092
0.44 3.7441 14.0476 1.8766
0.445 3.74411 14.0473 1.87469
0.45 3.74435 14.0488 1.87318
0.455 3.74365 14.0429 1.86991
0.355 3.74421 14.0472 1.8716
0.465 3.74351 14.0413 1.86638
0.47 3.7432 14.0386 1.86257
0.37 3.74372 14.0428 1.86375
0.375 3.74334 14.0397 1.86151
0.38 3.74273 14.0348 1.85878
0.385 3.74315 14.0378 1.85749
0.39 3.74303 14.0369 1.85724
0.395 3.74257 14.0331 1.85305
0.4 3.74252 14.0326 1.85044
0.405 3.7427 14.0339 1.85183
0.41 3.74225 14.0303 1.84869
0.415 3.74206 14.0288 1.84571
0.42 3.74242 14.0317 1.84738
0.425 3.74201 14.0285 1.8437
0.43 3.74186 14.0273 1.84053
0.435 3.74192 14.0278 1.83889
0.44 3.74218 14.03 1.83849
0.445 3.74195 14.0282 1.83723
0.45 3.74205 14.0291 1.83407
0.455 3.74175 14.0268 1.83231
0.46 3.74212 14.0299 1.8325
0.465 3.74185 14.0278 1.82913
0.575 3.74218 14.0306 1.82862
0.58 3.74196 14.0289 1.82581
0.585 3.74215 14.0306 1.8263
0.59 3.74184 14.0284 1.82497
0.49 3.74214 14.0307 1.82266
0.495 3.7427 14.0353 1.82078
0.605 3.74164 14.0273 1.81763
0.61 3.74208 14.0308 1.81943
0.51 3.74188 14.0294 1.81746
0.62 3.74164 14.0278 1.81616
0.52 3.74221 14.0322 1.81713
0.525 3.74178 14.0285 1.8187
0.53 3.7421 14.0309 1.81853
0.535 3.74198 14.0301 1.81768
0.54 3.74198 14.0303 1.81564
0.545 3.74185 14.0296 1.81424
0.55 3.74253 14.0349 1.81627
0.555 3.74238 14.0341 1.81294
0.56 3.74146 14.0272 1.81076
0.565 3.74235 14.0345 1.80922
0.57 3.74255 14.0364 1.80965
0.575 3.74267 14.0373 1.80893
0.58 3.7426 14.0372 1.80766
0.585 3.74213 14.0338 1.80687
0.59 3.7422 14.0347 1.80506
0.595 3.74257 14.0377 1.80505
0.6 3.74297 14.041 1.80496
0.605 3.7428 14.0399 1.80328
0.61 3.74304 14.0423 1.80333
0.745 3.74275 14.0404 1.80044
0.75 3.74258 14.0391 1.80068
0.755 3.74262 14.0396 1.79968
0.76 3.74337 14.0457 1.79745
0.765 3.74242 14.0386 1.79683
0.77 3.74299 14.0433 1.79627
0.775 3.74316 14.0442 1.7978
0.78 3.74268 14.0408 1.79447
0.785 3.7432 14.0452 1.79632
0.79 3.74301 14.0442 1.79637
0.795 3.74309 14.0453 1.79092
0.8 3.74357 14.049 1.79251
0.805 3.74342 14.0481 1.79309
0.81 3.74325 14.0472 1.79139
0.815 3.74375 14.0513 1.79057
0.82 3.74336 14.0487 1.79075
0.825 3.74368 14.0516 1.78865
0.83 3.74395 14.0541 1.78693
0.79 3.74362 14.0504 1.78978
0.795 3.74397 14.0535 1.78998
0.8 3.74417 14.0553 1.78847
0.805 3.74388 14.0535 1.78634
0.81 3.74382 14.0533 1.7863
0.815 3.74396 14.0548 1.78599
0.82 3.7441 14.0562 1.78373
0.825 3.74424 14.0576 1.78564
0.83 3.74451 14.0604 1.78171
0.835 3.74434 14.0591 1.78349
0.84 3.74453 14.061 1.77993
0.845 3.74456 14.0615 1.78105
0.765 3.74485 14.0641 1.77852
0.855 3.7447 14.0633 1.77939
0.86 3.74514 14.0672 1.77782
0.865 3.7449 14.0655 1.77872
0.87 3.74508 14.0673 1.7783
0.9 3.74523 14.0686 1.7783
0.905 3.74549 14.071 1.77643
0.91 3.74454 14.061 1.7824
0.915 3.74531 14.07 1.77629
0.92 3.74489 14.0671 1.77627
0.925 3.74427 14.06 1.77857
0.93 3.74487 14.0652 1.77944
0.935 3.74504 14.0668 1.78039
0.965 3.74513 14.068 1.77674
0.97 3.74491 14.0667 1.77766
0.975 3.74513 14.0686 1.77614
0.98 3.7455 14.0721 1.77636
0.985 3.74543 14.0722 1.774
0.99 3.74535 14.072 1.77338
0.93 3.74581 14.0758 1.77333
0.935 3.74594 14.0772 1.77191
0.94 3.74601 14.0781 1.77169
0.945 3.74589 14.0775 1.76961
0.95 3.74625 14.08 1.7708
0.955 3.7459 14.0776 1.7696
0.94 3.74581 14.0773 1.77166
0.945 3.74626 14.0811 1.77042
0.95 3.7463 14.0817 1.76787
0.955 3.74615 14.0811 1.76943
1 3.74648 14.084 1.76682
1.005 3.74629 14.0825 1.76806
1.01 3.74669 14.0861 1.76935
1.015 3.74657 14.0855 1.76567
1.02 3.74695 14.0889 1.76687
1.025 3.74655 14.0862 1.76551
1.03 3.74668 14.0875 1.76483
1.035 3.74739 14.0934 1.76477
1.04 3.74711 14.0917 1.76389
1.045 3.74721 14.0927 1.76486
1.05 3.74743 14.095 1.76379
1.015 3.74748 14.0955 1.76282
1.02 3.74753 14.0965 1.76148
1.025 3.74718 14.0943 1.76111
1.03 3.74728 14.0954 1.76112
1.035 3.74771 14.099 1.76038
1.04 3.74785 14.1004 1.76018
1.045 3.74765 14.0993 1.75893
1.05 3.74816 14.1037 1.758
1.055 3.74831 14.1053 1.75892
1.06 3.74791 14.1027 1.75868
1.065 3.74804 14.1026 1.75936
1.07 3.74832 14.1051 1.75943
1.075 3.74805 14.1036 1.75806
1.08 3.74829 14.1056 1.75805
1.085 3.74829 14.1069 1.7556
1.09 3.74862 14.1089 1.75673
1.095 3.74858 14.1091 1.75525
1.1 3.74917 14.1143 1.75482
1.105 3.74868 14.1108 1.75488
1.11 3.74871 14.1112 1.75371
1.115 3.75336 14.1473 1.82223
1.12 3.75307 14.1447 1.82586
1.125 3.75277 14.1422 1.82605
1.13 3.75271 14.1414 1.82491
1.135 3.75328 14.1456 1.82689
1.14 3.75321 14.1447 1.84594
1.145 3.75319 14.1441 1.84634
1.15 3.7533 14.1447 1.83662
1.155 3.75237 14.1373 1.83477
1.16 3.75201 14.137 1.80133
1.165 3.75102 14.1293 1.79715
1.17 3.75177 14.135 1.79379
1.175 3.7506 14.1258 1.7936
1.18 3.75283 14.1424 1.82675
1.185 3.75269 14.1412 1.82447
1.19 3.75225 14.1373 1.82615
1.195 3.7523 14.137 1.83052
0.2 3.75596 14.1639 1.89848
0.205 3.75537 14.1581 1.89532
0.21 3.75453 14.1505 1.89653
0.215 3.75447 14.1486 1.89562
0.285 3.75319 14.1379 1.89168
