1.175 3.98378 16.4247 1.44448
1.18 3.9762 16.3467 1.45205
1.185 3.96336 16.2148 1.46696
1.19 3.95867 16.1675 1.47218
1.195 3.9355 15.9294 1.49852
0.2 3.92744 15.8437 1.50839
0.205 3.94181 15.9894 1.49114
0.21 3.92553 15.8197 1.5105
0.215 3.88141 15.3658 1.56115
0.22 3.88276 15.38 1.55827
0.225 3.88674 15.4128 1.55398
0.22 3.88598 15.41 1.5535
0.225 3.88752 15.4226 1.55331
0.23 3.88907 15.4366 1.55033
0.235 3.88851 15.4376 1.54942
0.24 3.89069 15.4569 1.54681
0.245 3.89363 15.4819 1.54286
0.25 3.89455 15.4918 1.54054
0.285 3.89604 15.5061 1.53941
0.26 3.8961 15.5091 1.53897
0.295 3.90048 15.5467 1.53407
0.27 3.89818 15.5283 1.53574
0.275 3.90164 15.5592 1.53304
0.28 3.90287 15.5716 1.53041
0.285 3.90306 15.5755 1.52923
0.305 3.90479 15.5908 1.52698
0.31 3.90621 15.6036 1.52637
0.315 3.90605 15.6049 1.5249
0.32 3.90854 15.6271 1.52153
0.325 3.90934 15.6366 1.52062
0.33 3.909 15.6378 1.52088
0.335 3.91161 15.6599 1.5175
0.34 3.91415 15.682 1.51441
0.345 3.90952 15.6423 1.52002
0.35 3.91167 15.6604 1.51758
0.37 3.91216 15.6691 1.5157
0.375 3.91333 15.6788 1.51517
0.38 3.91512 15.6938 1.51296
0.385 3.91681 15.7094 1.51129
0.39 3.91917 15.7324 1.50843
0.395 3.91891 15.7331 1.50805
0.4 3.91969 15.7418 1.50597
0.405 3.92183 15.7617 1.50437
0.41 3.92256 15.7695 1.50295
0.415 3.92352 15.7791 1.50187
0.42 3.92388 15.784 1.50165
0.425 3.9254 15.7993 1.49965
0.43 3.92569 15.8025 1.49887
0.435 3.92738 15.8169 1.49746
0.44 3.92874 15.8308 1.49541
0.445 3.9297 15.8416 1.49422
0.45 3.92935 15.8343 1.49574
0.455 3.92814 15.829 1.49603
0.46 3.93052 15.8512 1.49363
0.465 3.93032 15.8531 1.49289
0.47 3.93233 15.8684 1.49129
0.475 3.93163 15.8679 1.49085
0.48 3.93397 15.8861 1.48865
0.485 3.93473 15.8944 1.48815
0.49 3.93492 15.8977 1.48697
0.495 3.93626 15.9106 1.48632
0.5 3.93795 15.9237 1.48466
0.505 3.93905 15.9373 1.48333
0.51 3.94017 15.9466 1.48198
0.515 3.94006 15.9497 1.48165
0.52 3.94051 15.956 1.48057
0.525 3.94171 15.9671 1.47993
0.53 3.942 15.9711 1.47897
0.535 3.9432 15.9818 1.47827
0.54 3.94433 15.9925 1.47696
0.545 3.94598 16.0089 1.47496
0.515 3.94572 16.0067 1.47557
0.52 3.94615 16.0152 1.47376
0.525 3.9464 16.0195 1.47462
0.565 3.94894 16.0399 1.47211
0.57 3.94774 16.0289 1.47372
0.575 3.94834 16.0351 1.47222
0.58 3.95102 16.06 1.47068
0.585 3.95178 16.0644 1.46968
0.59 3.95201 16.0707 1.46859
0.595 3.95237 16.0739 1.46811
0.6 3.95235 16.0779 1.46787
0.605 3.95474 16.0963 1.4661
0.61 3.95601 16.1074 1.46504
0.615 3.95429 16.0964 1.46645
0.62 3.9551 16.1051 1.46524
0.625 3.95724 16.1235 1.46345
0.63 3.95629 16.1196 1.46478
0.635 3.95889 16.1391 1.46164
0.64 3.95675 16.1282 1.46295
0.645 3.95887 16.1444 1.46161
0.65 3.95999 16.1556 1.46055
0.655 3.96089 16.1639 1.45982
0.66 3.95913 16.1521 1.45976
0.665 3.96196 16.1753 1.45792
0.67 3.96309 16.1857 1.45697
0.675 3.96193 16.1792 1.45763
0.68 3.96419 16.1977 1.45577
0.685 3.96295 16.1909 1.45672
0.69 3.96653 16.2172 1.45409
0.695 3.96566 16.2146 1.45431
0.7 3.9676 16.2327 1.45265
0.705 3.96774 16.2349 1.45305
0.675 3.96797 16.238 1.45247
0.68 3.97016 16.2543 1.45047
0.685 3.96656 16.2304 1.45307
0.69 3.96803 16.244 1.45124
0.695 3.96838 16.2478 1.45092
0.7 3.97115 16.27 1.44902
0.705 3.9683 16.2521 1.4504
0.71 3.97245 16.2846 1.44851
0.715 3.97334 16.2916 1.44728
0.73 3.9735 16.296 1.44651
0.735 3.97388 16.3002 1.44671
0.74 3.97115 16.281 1.44863
0.745 3.97575 16.3156 1.44446
0.75 3.97562 16.3156 1.44511
0.755 3.97719 16.331 1.44352
0.785 3.97635 16.3261 1.44403
0.765 3.97607 16.3279 1.44418
0.77 3.97895 16.3505 1.44228
0.775 3.97938 16.3543 1.44133
0.78 3.97742 16.3429 1.44236
0.785 3.97834 16.3507 1.44218
0.79 3.97894 16.3587 1.44113
0.795 3.97954 16.3634 1.44123
0.8 3.98181 16.3818 1.43891
0.805 3.98186 16.3845 1.43891
0.81 3.98112 16.3803 1.43942
0.815 3.98011 16.3741 1.44082
0.845 3.98011 16.3757 1.43979
0.85 3.97882 16.3624 1.44038
0.855 3.98078 16.3777 1.4392
0.86 3.98087 16.3797 1.43932
0.825 3.98151 16.3864 1.4385
0.83 3.98204 16.3913 1.43813
0.835 3.98324 16.4018 1.43748
0.84 3.98367 16.4064 1.43749
0.845 3.98413 16.4133 1.43674
0.85 3.98511 16.4208 1.43607
0.855 3.98599 16.4283 1.43558
0.86 3.98602 16.4313 1.43458
0.895 3.98691 16.4396 1.43462
0.9 3.98721 16.4434 1.43356
0.905 3.9886 16.4565 1.43288
0.91 3.98869 16.4568 1.43223
0.915 3.986 16.4376 1.43406
0.92 3.98848 16.4553 1.43304
0.925 3.98613 16.4396 1.43448
0.93 3.98941 16.4659 1.43195
0.935 3.98857 16.4608 1.43269
0.94 3.98941 16.4681 1.43173
0.935 3.99088 16.4816 1.43036
0.94 3.99053 16.4819 1.43034
0.945 3.98964 16.4767 1.43173
0.95 3.99042 16.4838 1.43035
0.955 3.99039 16.4849 1.43032
0.96 3.99094 16.4906 1.43006
0.965 3.99251 16.5046 1.42875
0.97 3.99276 16.5048 1.4288
0.975 3.9916 16.4984 1.4294
0.99 3.99305 16.511 1.42804
0.995 3.99105 16.4965 1.42895
1 3.99504 16.5277 1.42702
0.975 3.99261 16.5112 1.42859
0.98 3.99372 16.5195 1.42794
0.985 3.9928 16.5152 1.42825
0.99 3.99411 16.5266 1.42748
0.995 3.99408 16.5275 1.42697
1 3.99466 16.5358 1.42587
1.005 3.99557 16.5417 1.42609
1.01 3.9959 16.5459 1.42562
1.015 3.99669 16.5543 1.42515
1.02 3.99814 16.5668 1.42387
1.025 3.9987 16.5705 1.42345
1.03 3.99738 16.5642 1.42372
1.035 3.99954 16.5806 1.42269
1.04 3.99956 16.5796 1.42235
1.045 3.99973 16.5844 1.42312
1.05 3.99738 16.5657 1.42408
1.055 3.99972 16.5861 1.42277
1.055 4.00053 16.5919 1.422
1.06 4.00058 16.5934 1.42214
1.065 3.99924 16.5855 1.4221
1.07 4.00101 16.5989 1.42085
1.075 4.00268 16.6144 1.42028
1.08 4.00141 16.6062 1.42045
1.085 4.00178 16.6106 1.42041
1.09 4.00219 16.614 1.42084
1.095 4.00326 16.6247 1.41988
1.1 4.00451 16.6349 1.41854
1.105 4.00289 16.6236 1.42017
1.11 4.00208 16.6185 1.41921
1.115 4.00307 16.6283 1.41896
1.185 4.00461 16.6419 1.41791
1.19 4.0063 16.6547 1.41716
1.13 4.00421 16.6384 1.41904
0.2 4.00339 16.6329 1.41908
1.14 4.00659 16.6608 1.41684
1.145 3.98436 16.4297 1.44327
