0.34 3.82782 14.8673 1.57491
0.345 3.82924 14.8797 1.57354
0.35 3.82669 14.8547 1.57785
0.355 3.82747 14.8622 1.57516
0.36 3.82647 14.8542 1.57716
0.365 3.82306 14.8216 1.58201
0.37 3.82233 14.8144 1.58289
0.375 3.82502 14.8389 1.57844
0.38 3.82087 14.7971 1.5861
0.385 3.80898 14.6788 1.60888
0.39 3.80815 14.668 1.61008
0.395 3.82651 14.8528 1.5798
0.4 3.82431 14.8306 1.58341
1.115 3.82613 14.8497 1.57923
0.41 3.82007 14.7896 1.58852
0.415 3.81743 14.764 1.59114
1.13 3.82691 14.86 1.57553
1.135 3.80923 14.6813 1.60929
1.14 3.8064 14.6528 1.61506
1.145 3.80544 14.6384 1.61569
1.15 3.80512 14.6335 1.61534
1.155 3.80462 14.6295 1.61609
1.16 3.80489 14.632 1.61464
1.165 3.80446 14.6308 1.6156
1.17 3.80429 14.6286 1.61396
1.175 3.80156 14.5998 1.61917
1.18 3.79184 14.5022 1.63716
1.185 3.79254 14.5074 1.63459
0.385 3.79322 14.5115 1.63238
0.39 3.81975 14.7858 1.5873
0.395 3.82119 14.7967 1.58389
0.4 3.79006 14.4806 1.644
0.405 3.78954 14.4791 1.64321
0.41 3.79156 14.4966 1.63895
0.415 3.79229 14.505 1.63605
0.42 3.79366 14.5165 1.63386
0.425 3.79452 14.5259 1.63069
0.43 3.79308 14.5116 1.63294
0.435 3.79616 14.5373 1.62817
0.44 3.79557 14.5356 1.62837
0.445 3.79642 14.5429 1.62614
0.45 3.79735 14.5519 1.62345
0.455 3.79834 14.5603 1.62252
0.46 3.79719 14.5511 1.62294
0.465 3.79917 14.5708 1.61742
0.47 3.80052 14.5832 1.61627
0.475 3.80374 14.6116 1.61046
0.48 3.80349 14.6138 1.60904
0.485 3.80658 14.6426 1.60179
0.49 3.80664 14.6437 1.60164
0.365 3.80545 14.6309 1.60485
0.37 3.80713 14.6487 1.60155
0.375 3.80884 14.6657 1.59788
0.38 3.8058 14.6345 1.60347
0.385 3.8075 14.6496 1.59966
0.39 3.809 14.6636 1.59755
0.395 3.80987 14.6718 1.59561
0.4 3.81098 14.6845 1.59351
0.405 3.81117 14.6889 1.59142
0.41 3.81338 14.7086 1.58849
0.415 3.81223 14.6973 1.59043
0.42 3.81315 14.7081 1.58861
0.425 3.8154 14.7267 1.58493
0.43 3.81549 14.7296 1.58421
0.435 3.81568 14.7328 1.58406
0.44 3.81785 14.752 1.58071
0.445 3.81823 14.7597 1.57815
0.45 3.81786 14.7543 1.57971
0.455 3.81955 14.7684 1.5783
0.46 3.81925 14.7677 1.57801
0.465 3.82046 14.7781 1.57521
0.47 3.82132 14.7867 1.57422
0.475 3.82237 14.801 1.57216
0.48 3.82383 14.8143 1.56928
0.485 3.82454 14.822 1.56796
0.49 3.82562 14.8313 1.56685
0.495 3.82442 14.8205 1.56852
0.5 3.82771 14.8513 1.56314
0.635 3.82709 14.8504 1.56378
0.64 3.81613 14.7359 1.58313
0.645 3.81725 14.7469 1.58092
0.65 3.81793 14.755 1.57993
0.655 3.82011 14.7743 1.57726
0.66 3.82041 14.7799 1.57569
0.665 3.82166 14.7919 1.57341
0.67 3.82364 14.8093 1.57068
0.675 3.82382 14.8137 1.57038
0.68 3.82287 14.8069 1.57112
0.685 3.82403 14.816 1.56941
0.69 3.82361 14.8166 1.56926
0.695 3.82552 14.8327 1.5662
0.7 3.8255 14.8328 1.56761
0.705 3.82685 14.8464 1.56458
0.535 3.82748 14.8481 1.56474
0.54 3.82715 14.849 1.56466
0.545 3.82882 14.8639 1.56141
0.55 3.82948 14.8711 1.56141
0.555 3.83053 14.8817 1.55977
0.56 3.83122 14.8891 1.55815
0.565 3.83278 14.9031 1.55627
0.57 3.83396 14.9164 1.55412
0.575 3.83488 14.9246 1.55267
0.58 3.83528 14.9323 1.55177
0.585 3.83684 14.9453 1.54942
0.59 3.835 14.9295 1.55148
0.595 3.83731 14.9486 1.54922
0.6 3.83616 14.9397 1.55031
0.605 3.83652 14.9446 1.5497
0.61 3.83872 14.964 1.54643
0.615 3.83925 14.9703 1.54622
0.62 3.84023 14.98 1.54495
0.625 3.83985 14.9775 1.54483
0.63 3.84011 14.9821 1.54488
0.635 3.84092 14.9894 1.54303
0.64 3.84277 15.0057 1.54152
0.645 3.84288 15.0081 1.54116
0.65 3.84227 15.005 1.54051
0.655 3.84435 15.0245 1.53917
0.66 3.84377 15.0159 1.53944
0.665 3.84333 15.0195 1.53891
0.67 3.84378 15.0234 1.53922
0.675 3.84683 15.0476 1.53549
0.68 3.84371 15.0192 1.53855
0.685 3.84613 15.0448 1.53576
0.69 3.84239 15.0067 1.54115
0.78 3.84329 15.0154 1.53939
0.785 3.84306 15.0121 1.54003
0.79 3.84289 15.0151 1.53937
0.795 3.84531 15.0346 1.53707
0.8 3.84702 15.05 1.53437
0.805 3.84721 15.0538 1.53471
0.81 3.84781 15.0609 1.53371
0.815 3.8484 15.0667 1.53315
0.82 3.8493 15.0759 1.53189
0.825 3.84936 15.078 1.53191
0.83 3.8499 15.0773 1.53115
0.835 3.85035 15.0827 1.53066
0.84 3.84939 15.0768 1.53157
0.845 3.84397 15.0204 1.53898
0.85 3.84691 15.0447 1.53531
0.855 3.845 15.0339 1.53676
0.86 3.84602 15.0422 1.53643
1.055 3.84689 15.0519 1.53516
0.87 3.84576 15.0418 1.53577
0.875 3.84746 15.0619 1.53364
0.88 3.84859 15.0694 1.53253
1.075 3.84916 15.0748 1.53154
1.08 3.84839 15.0664 1.53244
1.085 3.84874 15.0692 1.53263
1.09 3.84931 15.0764 1.53176
1.095 3.85073 15.0897 1.52979
0.91 3.85135 15.0946 1.53001
0.805 3.85121 15.0963 1.52918
1.11 3.85018 15.0887 1.53016
0.925 3.85279 15.1093 1.52731
0.82 3.85121 15.0956 1.52969
0.935 3.85345 15.1181 1.52668
0.94 3.8527 15.1103 1.52801
0.945 3.85295 15.1138 1.52761
0.95 3.85287 15.1146 1.52697
0.955 3.85244 15.1136 1.5269
0.96 3.85548 15.1381 1.52391
0.965 3.85441 15.1334 1.52523
0.97 3.85458 15.1353 1.5245
0.975 3.85504 15.1399 1.52427
0.98 3.85451 15.1378 1.52432
0.985 3.85236 15.1126 1.52789
0.99 3.85414 15.1275 1.52499
0.995 3.85389 15.1286 1.52535
1 3.85398 15.1309 1.52574
1.005 3.85633 15.1492 1.52234
1.01 3.84431 15.0319 1.54452
1.155 3.84395 15.0289 1.54575
1.16 3.84308 15.0194 1.54683
1.165 3.84425 15.0271 1.54661
1.17 3.84199 15.009 1.54959
1.175 3.84093 14.9987 1.55152
1.18 3.84109 15.0001 1.5514
1.045 3.84459 15.035 1.54416
1.05 3.84604 15.0477 1.54241
1.055 3.8469 15.0561 1.54129
1.06 3.84169 15.0083 1.54927
1.065 3.84243 15.0144 1.54918
1.07 3.84287 15.0172 1.54883
1.075 3.84263 15.0176 1.54748
1.08 3.84278 15.0167 1.54833
1.085 3.84195 15.0118 1.54921
1.09 3.84293 15.0202 1.5481
1.095 3.84362 15.0244 1.54706
1.1 3.84336 15.0251 1.5462
1.105 3.84133 15.0047 1.55042
1.11 3.83208 14.9095 1.56955
1.115 3.82741 14.8639 1.57651
1.12 3.82947 14.883 1.57345
1.125 3.82936 14.8829 1.57273
1.13 3.82981 14.8868 1.57242
1.135 3.83025 14.8905 1.57079
1.14 3.83084 14.8978 1.56988
1.145 3.83048 14.8942 1.56946
1.15 3.83118 14.9022 1.56833
