0.38 3.74048 14.0183 1.81958
0.385 3.73933 14.0066 1.82724
0.39 3.73891 14.0019 1.82752
0.395 3.73849 13.9981 1.82342
0.4 3.73815 13.995 1.82201
0.405 3.73752 13.9886 1.82097
0.41 3.73754 13.9883 1.82077
0.28 3.73719 13.985 1.82783
0.285 3.73571 13.968 1.8477
0.29 3.73505 13.9616 1.84413
0.295 3.73487 13.9592 1.84362
0.3 3.74058 14.0227 1.78942
0.305 3.74007 14.017 1.78823
0.31 3.73662 13.9754 1.86135
0.315 3.73627 13.972 1.85612
0.32 3.73576 13.9675 1.85198
0.325 3.73553 13.9653 1.84675
0.33 3.73533 13.9634 1.84412
0.335 3.7351 13.9614 1.84123
0.34 3.73521 13.9621 1.84578
0.345 3.73475 13.9582 1.84141
0.35 3.73446 13.9557 1.83652
0.355 3.7345 13.9559 1.83745
0.36 3.73479 13.958 1.83284
0.365 3.73441 13.9549 1.83111
0.555 3.7341 13.9526 1.82469
0.56 3.73388 13.9503 1.82853
0.565 3.73382 13.9499 1.82152
0.57 3.7338 13.9498 1.81894
0.575 3.73423 13.9532 1.81439
0.58 3.73402 13.9518 1.8079
0.585 3.73414 13.9529 1.80607
0.495 3.73378 13.9503 1.80504
0.5 3.734 13.9519 1.80345
0.505 3.73398 13.952 1.80156
0.51 3.73357 13.9472 1.80914
0.515 3.73355 13.9472 1.8044
0.52 3.73363 13.9481 1.8024
0.525 3.73373 13.9492 1.79967
0.53 3.73373 13.9497 1.79511
0.535 3.7341 13.9529 1.7921
0.54 3.73432 13.9551 1.78991
0.545 3.73396 13.9519 1.78906
0.55 3.7341 13.9534 1.78741
0.555 3.73447 13.9567 1.7841
0.56 3.73439 13.9565 1.78572
0.565 3.73457 13.9583 1.7815
0.57 3.73492 13.9616 1.7792
0.575 3.73509 13.9636 1.77519
0.58 3.73491 13.9617 1.77862
0.585 3.73522 13.9647 1.77632
0.59 3.73522 13.965 1.7745
0.595 3.73535 13.9657 1.77463
0.6 3.73541 13.9672 1.77243
0.605 3.7358 13.9714 1.7689
0.61 3.7361 13.9745 1.76543
0.615 3.73626 13.9763 1.76438
0.62 3.7367 13.9803 1.76197
0.625 3.7362 13.976 1.76488
0.63 3.73691 13.9829 1.76133
0.595 3.73701 13.9844 1.75849
0.6 3.73442 13.957 1.78212
0.605 3.73466 13.9596 1.78159
0.61 3.73483 13.9615 1.77764
0.615 3.73512 13.9642 1.7767
0.62 3.73566 13.9695 1.77174
0.625 3.73591 13.9719 1.7701
0.63 3.73633 13.976 1.76909
0.635 3.73639 13.977 1.76813
0.64 3.73655 13.9785 1.76506
0.645 3.73636 13.977 1.76618
0.65 3.7368 13.9813 1.76228
0.655 3.73673 13.9813 1.7618
0.66 3.73678 13.9819 1.76221
0.665 3.73709 13.985 1.75962
0.67 3.73685 13.9827 1.76036
0.675 3.73726 13.9866 1.7596
0.68 3.73748 13.9891 1.75681
0.685 3.73755 13.9902 1.75759
0.69 3.7379 13.9936 1.7546
0.695 3.73839 13.9984 1.75266
0.7 3.73858 14.0007 1.74953
0.705 3.73893 14.0044 1.74776
0.71 3.73932 14.0079 1.74662
0.715 3.73969 14.0126 1.74279
0.72 3.73978 14.0136 1.74335
0.725 3.73947 14.0101 1.74493
0.73 3.73984 14.0138 1.74248
0.735 3.73985 14.0133 1.744
0.74 3.73995 14.015 1.74193
0.745 3.74005 14.0168 1.73975
0.75 3.74063 14.0225 1.73938
0.755 3.74105 14.0264 1.73692
0.76 3.74117 14.0274 1.73523
0.765 3.7409 14.0261 1.73582
0.77 3.7414 14.0306 1.73492
0.775 3.74159 14.0328 1.73323
0.78 3.7417 14.0342 1.73252
0.785 3.74213 14.0383 1.73006
0.93 3.74231 14.0407 1.72991
0.795 3.74189 14.0362 1.73201
0.8 3.74259 14.0439 1.72798
0.805 3.74266 14.0447 1.72863
0.81 3.74305 14.0483 1.72606
0.815 3.74296 14.046 1.72674
0.96 3.74382 14.0554 1.72331
0.965 3.74193 14.0372 1.7317
0.97 3.74211 14.0382 1.73264
0.975 3.74262 14.0431 1.72893
0.98 3.74315 14.0482 1.72618
0.985 3.74332 14.0505 1.72603
0.99 3.74291 14.0481 1.72862
0.995 3.74322 14.0512 1.72618
1 3.74345 14.0539 1.72454
1.005 3.74416 14.0603 1.72306
1.01 3.7444 14.0629 1.72269
0.74 3.7435 14.0541 1.72554
0.745 3.74386 14.0575 1.72369
0.75 3.74416 14.0609 1.72318
0.98 3.7445 14.0644 1.72009
0.985 3.74246 14.0423 1.729
0.99 3.74256 14.0438 1.72833
0.995 3.74309 14.0487 1.72612
1 3.7434 14.0519 1.72544
1.005 3.74301 14.0484 1.72667
1.01 3.74453 14.0633 1.72007
0.79 3.74418 14.0604 1.72333
0.795 3.74387 14.0584 1.72401
0.8 3.74387 14.0568 1.72351
0.805 3.74423 14.0604 1.72228
0.81 3.74389 14.058 1.72248
0.815 3.74455 14.0643 1.72071
0.82 3.74456 14.0652 1.71969
0.825 3.74482 14.0679 1.71927
0.83 3.74508 14.0697 1.7183
0.835 3.7448 14.0684 1.71942
0.84 3.74472 14.0672 1.71985
0.845 3.74544 14.0749 1.7166
0.85 3.74512 14.0715 1.71871
0.855 3.74535 14.0741 1.71744
0.86 3.74557 14.0764 1.71768
0.865 3.74593 14.0799 1.71456
0.87 3.74592 14.0809 1.71387
0.875 3.74657 14.0864 1.71289
0.88 3.74656 14.0871 1.71277
0.885 3.74667 14.0888 1.71357
0.89 3.74727 14.0941 1.71033
0.895 3.74555 14.0768 1.71649
0.9 3.74642 14.0844 1.71413
0.905 3.7463 14.0844 1.71389
0.91 3.74681 14.0893 1.71189
0.915 3.74686 14.0899 1.71197
0.92 3.74676 14.0897 1.71179
0.925 3.74562 14.0766 1.73547
0.93 3.74565 14.0758 1.74112
0.935 3.7459 14.0777 1.7406
0.94 3.74562 14.0756 1.74256
0.945 3.74574 14.0766 1.74287
0.95 3.74526 14.0725 1.7469
0.955 3.74566 14.0755 1.74482
0.96 3.74611 14.0813 1.73549
0.965 3.74578 14.0789 1.73509
0.945 3.74593 14.0805 1.73503
0.95 3.74537 14.0742 1.74437
0.98 3.74564 14.0764 1.7415
0.985 3.74548 14.0751 1.74295
0.99 3.7455 14.0756 1.74099
0.995 3.74561 14.0765 1.74202
1 3.74601 14.0801 1.74071
1.005 3.74551 14.0763 1.74242
1.01 3.74546 14.0759 1.74068
1.015 3.74572 14.0784 1.74064
1.02 3.74616 14.0821 1.73947
1.025 3.74412 14.0601 1.76552
1.03 3.74431 14.0603 1.77494
1.035 3.74357 14.0541 1.77367
1.04 3.74314 14.0501 1.7738
1.045 3.74356 14.0537 1.77073
1.05 3.74357 14.0546 1.76723
1.055 3.74409 14.059 1.76667
1.06 3.74344 14.053 1.77112
0.245 3.74119 14.0238 1.82872
0.25 3.7421 14.0353 1.80602
0.255 3.74153 14.0294 1.80917
0.26 3.74052 14.0193 1.81384
0.265 3.73995 14.0127 1.81848
0.27 3.73988 14.0131 1.81283
1.095 3.74007 14.0157 1.80589
1.1 3.7409 14.0251 1.79695
1.105 3.74082 14.0232 1.79539
1.11 3.74384 14.0591 1.74556
1.115 3.74062 14.021 1.81415
1.12 3.74086 14.0218 1.81432
1.125 3.74045 14.0173 1.81648
1.13 3.7396 14.0091 1.81833
1.135 3.73791 13.9933 1.80647
1.14 3.73857 13.9987 1.82113
0.425 3.73787 13.9914 1.82354
0.43 3.73942 14.0088 1.81135
1.155 3.73901 14.0049 1.81267
