0.38 3.80569 14.6354 2.0086
0.385 3.80446 14.6246 2.0053
0.39 3.80524 14.6299 2.00718
0.395 3.80596 14.636 2.01527
0.4 3.80419 14.6195 2.01095
0.405 3.80818 14.6571 2.02151
0.41 3.8067 14.6434 2.01695
0.415 3.80696 14.6453 2.01733
0.42 3.80521 14.6295 2.01185
0.425 3.80338 14.6114 2.00675
0.43 3.80134 14.5927 2.0001
0.435 3.79989 14.579 1.99597
0.44 3.79852 14.5665 1.99184
0.445 3.79798 14.5622 1.99168
0.45 3.79765 14.5584 1.98872
0.455 3.79725 14.5543 1.9875
0.32 3.79553 14.5391 1.98287
0.465 3.79655 14.547 1.98263
0.47 3.79325 14.5177 1.97421
0.475 3.79244 14.51 1.96862
0.48 3.79209 14.5061 1.969
0.485 3.79151 14.5009 1.96686
0.49 3.79136 14.4984 1.96532
0.495 3.78985 14.4854 1.96169
0.5 3.78917 14.4791 1.95742
0.505 3.78762 14.4652 1.95251
0.51 3.78733 14.4617 1.95047
0.515 3.78784 14.4656 1.95084
0.38 3.78645 14.4539 1.94519
0.385 3.78706 14.4591 1.94584
0.39 3.78765 14.4648 1.95101
0.395 3.78701 14.4589 1.94669
0.4 3.78739 14.4621 1.95176
0.405 3.78634 14.453 1.94577
0.41 3.78616 14.4504 1.94502
0.415 3.78548 14.4447 1.94224
0.42 3.78477 14.4384 1.94
0.425 3.78506 14.4405 1.93758
0.43 3.78867 14.4736 1.95175
0.435 3.78751 14.4638 1.95029
0.44 3.788 14.4673 1.9503
0.445 3.78733 14.4616 1.94643
0.45 3.78698 14.4585 1.94856
0.455 3.78663 14.4547 1.94464
0.46 3.78566 14.4466 1.94104
0.465 3.78535 14.4437 1.93946
0.47 3.78436 14.4351 1.93683
0.475 3.78515 14.4415 1.93729
0.585 3.78483 14.438 1.93245
0.59 3.78404 14.4309 1.93357
0.595 3.78346 14.427 1.9298
0.6 3.78339 14.4249 1.92831
0.605 3.78254 14.4179 1.92635
0.505 3.78372 14.4278 1.92752
0.51 3.7826 14.4178 1.9253
0.515 3.78228 14.4162 1.93035
0.705 3.7834 14.425 1.92838
0.525 3.78346 14.4255 1.93054
0.715 3.78192 14.412 1.92463
0.72 3.78211 14.4134 1.92335
0.725 3.78266 14.418 1.925
0.545 3.78163 14.4096 1.92165
0.55 3.7815 14.4081 1.92025
0.555 3.78239 14.4156 1.92065
0.56 3.78129 14.4064 1.91865
0.565 3.78125 14.4059 1.9166
0.57 3.78083 14.4025 1.9135
0.575 3.77994 14.3946 1.9102
0.58 3.7803 14.3977 1.91072
0.585 3.78038 14.3982 1.91138
0.59 3.77992 14.3944 1.90909
0.595 3.77958 14.3918 1.90464
0.6 3.78016 14.3962 1.90514
0.605 3.77936 14.3898 1.90269
0.61 3.77828 14.3808 1.90146
0.615 3.77887 14.3856 1.90178
0.62 3.77761 14.3751 1.89978
0.625 3.77903 14.3868 1.89974
0.63 3.77833 14.3809 1.89658
0.635 3.7782 14.38 1.8954
0.64 3.77783 14.377 1.8945
0.75 3.77844 14.3818 1.89655
0.755 3.77844 14.382 1.8936
0.76 3.77744 14.3739 1.89146
0.765 3.77827 14.3804 1.89427
0.665 3.77786 14.3772 1.8942
0.67 3.77798 14.378 1.89217
0.82 3.77699 14.3704 1.88829
0.68 3.77759 14.3751 1.88782
0.685 3.77765 14.3754 1.88921
0.69 3.77771 14.3764 1.88727
0.84 3.77681 14.3692 1.88606
0.7 3.77781 14.3773 1.88995
0.85 3.77645 14.3663 1.88372
0.71 3.77724 14.3724 1.88931
0.715 3.77713 14.3718 1.88783
0.755 3.77686 14.3692 1.8853
0.725 3.77723 14.3729 1.88706
0.73 3.77696 14.3709 1.8816
0.735 3.77792 14.3785 1.88468
0.74 3.7772 14.3732 1.88304
0.745 3.77766 14.3767 1.88333
0.75 3.77696 14.3711 1.88121
0.755 3.77731 14.374 1.88127
0.76 3.77703 14.3717 1.87959
0.8 3.77636 14.3665 1.87783
0.805 3.77745 14.3757 1.87773
0.81 3.77718 14.3737 1.87662
0.815 3.77691 14.3715 1.87548
0.82 3.77612 14.3652 1.87345
0.825 3.77786 14.3795 1.87484
0.83 3.77726 14.3752 1.87251
0.835 3.77721 14.375 1.87031
0.805 3.77635 14.3683 1.87147
0.81 3.77662 14.3703 1.86882
0.815 3.77689 14.3726 1.86897
0.855 3.77653 14.3698 1.86705
0.825 3.7767 14.3713 1.86557
0.83 3.77715 14.375 1.86654
0.835 3.77553 14.3623 1.86482
0.84 3.77703 14.3747 1.86649
0.845 3.77589 14.3655 1.86363
0.85 3.77688 14.3724 1.86849
0.855 3.776 14.3656 1.86685
0.86 3.7758 14.3643 1.86717
0.865 3.77746 14.3778 1.86531
0.87 3.77602 14.3667 1.86603
0.95 3.77629 14.369 1.86289
0.955 3.77646 14.3702 1.86379
0.96 3.77632 14.3692 1.86443
0.965 3.77679 14.3732 1.86289
0.97 3.77598 14.3674 1.8623
0.975 3.77694 14.375 1.86086
0.98 3.77713 14.3768 1.8634
0.985 3.77652 14.372 1.86156
0.99 3.77648 14.3719 1.85941
1.11 3.77614 14.3691 1.85838
1.115 3.77634 14.369 1.86618
1.12 3.77551 14.3628 1.86284
1.125 3.77648 14.3705 1.86371
1.13 3.77622 14.3687 1.86205
1.135 3.77619 14.3686 1.86053
1.14 3.77563 14.3645 1.85942
0.955 3.77603 14.3676 1.86108
0.96 3.77577 14.3658 1.85932
0.965 3.77549 14.3639 1.85987
0.97 3.77638 14.371 1.86051
0.975 3.77612 14.3695 1.85822
0.98 3.77646 14.372 1.85788
0.985 3.77593 14.3681 1.85586
0.99 3.77688 14.3763 1.85693
0.995 3.77613 14.3702 1.85485
1 3.77559 14.3662 1.85487
1.005 3.77546 14.365 1.85423
1.01 3.77752 14.3832 1.85943
1.015 3.77635 14.3734 1.85805
1.02 3.77773 14.3856 1.86027
1.025 3.77767 14.3861 1.86159
1.03 3.77752 14.3844 1.85983
1.035 3.77896 14.3965 1.86077
1.04 3.77837 14.3922 1.86289
1.045 3.77877 14.3957 1.86101
1.05 3.77904 14.3986 1.86372
1.055 3.80445 14.6301 1.97
1.06 3.80179 14.6074 1.96482
1.065 3.8024 14.6106 1.96469
1.07 3.80261 14.6124 1.96664
1.075 3.80148 14.6023 1.96606
1.08 3.80045 14.5927 1.96303
1.085 3.80092 14.5961 1.96271
1.09 3.80012 14.5889 1.96082
1.095 3.80009 14.5891 1.96417
1.1 3.80057 14.5922 1.96431
1.105 3.79987 14.5858 1.96511
1.11 3.80026 14.5884 1.96619
1.115 3.79704 14.5614 1.96176
1.12 3.79796 14.567 1.9627
1.125 3.79789 14.5656 1.96231
1.13 3.79815 14.5682 1.96467
1.135 3.79709 14.5589 1.96211
1.14 3.79747 14.561 1.96114
1.145 3.79596 14.5475 1.95779
1.15 3.79602 14.5485 1.95983
1.155 3.79535 14.5426 1.95791
1.16 3.79557 14.544 1.95839
1.165 3.79757 14.5621 1.96649
1.17 3.79592 14.5468 1.96078
1.175 3.7958 14.5454 1.96151
0.29 3.79578 14.5448 1.95949
0.295 3.79328 14.5229 1.95322
0.3 3.79419 14.5297 1.95658
0.305 3.79333 14.5222 1.95547
0.31 3.80075 14.5897 1.98656
0.315 3.79963 14.5799 1.98399
0.32 3.80038 14.5859 1.98805
0.325 3.79961 14.5784 1.98448
0.33 3.79843 14.5679 1.97928
0.335 3.7998 14.5796 1.98947
0.34 3.79919 14.5739 1.98419
0.345 3.79858 14.5679 1.98388
