0.42 3.9847 16.4009 2.20233
0.425 3.98289 16.3821 2.20086
0.43 3.97996 16.3577 2.19438
0.435 3.97755 16.3285 2.191
0.44 3.97385 16.2929 2.18282
0.445 3.96984 16.2556 2.17803
0.45 3.97004 16.2571 2.17764
0.455 3.96937 16.2483 2.17289
0.46 3.96448 16.2031 2.16754
0.365 3.96393 16.1989 2.16424
0.37 3.96318 16.1895 2.16258
0.375 3.96188 16.1777 2.16155
0.38 3.96064 16.1645 2.16
0.415 3.97946 16.351 2.19622
0.42 3.97577 16.3139 2.19271
0.425 3.97383 16.2934 2.18397
0.365 3.97023 16.2581 2.17932
0.37 3.96759 16.2348 2.17536
0.375 3.96435 16.2033 2.16843
0.38 3.96416 16.2001 2.16761
0.385 3.9624 16.1813 2.16306
0.39 3.95931 16.1521 2.15983
0.395 3.95898 16.1472 2.15652
0.5 3.96029 16.1618 2.16011
0.505 3.96961 16.252 2.17679
0.51 3.96511 16.2082 2.16931
0.515 3.96125 16.1718 2.16261
0.52 3.95862 16.1471 2.15894
0.525 3.95803 16.1386 2.15527
0.53 3.95421 16.1047 2.14797
0.435 3.95608 16.1197 2.15292
0.44 3.95468 16.1041 2.1485
0.585 3.94943 16.0565 2.14007
0.59 3.95643 16.1231 2.15157
0.595 3.95043 16.0658 2.14385
0.6 3.95023 16.0634 2.14014
0.605 3.94634 16.0276 2.13405
0.61 3.94588 16.0227 2.13237
0.615 3.94603 16.0212 2.13082
0.62 3.94287 15.9933 2.1267
0.625 3.94488 16.0099 2.12882
0.63 3.94252 15.9888 2.12473
0.635 3.94123 15.9762 2.12179
0.64 3.93867 15.953 2.11796
0.645 3.93692 15.9344 2.1136
0.65 3.93558 15.9227 2.11284
0.655 3.93418 15.9098 2.1074
0.66 3.93508 15.9162 2.10925
0.665 3.93556 15.9217 2.10814
0.67 3.93159 15.8853 2.10163
0.675 3.93198 15.8868 2.10035
0.68 3.93228 15.8904 2.1005
0.685 3.93338 15.8979 2.1017
0.69 3.9302 15.87 2.09783
0.695 3.93012 15.8685 2.09605
0.7 3.92986 15.8671 2.09464
0.705 3.92744 15.8435 2.09169
0.505 3.92702 15.8402 2.08977
0.51 3.92843 15.8516 2.09037
0.515 3.92585 15.8304 2.08687
0.52 3.92379 15.8115 2.08308
0.525 3.92486 15.8198 2.08491
0.735 3.925 15.8179 2.08203
0.535 3.92639 15.8354 2.09318
0.54 3.9284 15.8528 2.0917
0.545 3.92773 15.8467 2.09157
0.55 3.92768 15.846 2.09146
0.62 3.92545 15.8243 2.08636
0.625 3.9259 15.829 2.08473
0.63 3.92691 15.8369 2.08551
0.635 3.92304 15.8031 2.0805
0.64 3.92277 15.8003 2.07714
0.645 3.9218 15.7907 2.07705
0.585 3.92177 15.7909 2.07703
0.59 3.92115 15.7832 2.07496
0.66 3.92231 15.7936 2.07505
0.665 3.91965 15.7697 2.07312
0.67 3.9212 15.7842 2.07193
0.675 3.91848 15.76 2.07063
0.65 3.91849 15.7587 2.06699
0.685 3.91914 15.7645 2.06854
0.625 3.91731 15.7483 2.06648
0.63 3.92121 15.7825 2.0721
0.635 3.91813 15.7562 2.06791
0.675 3.92021 15.7731 2.06888
0.645 3.919 15.7622 2.06736
0.65 3.91836 15.7574 2.06621
0.69 3.91899 15.7612 2.06659
0.795 3.91759 15.7485 2.06297
0.7 3.91725 15.7456 2.06456
0.67 3.91682 15.741 2.06175
0.675 3.91652 15.7394 2.06282
0.89 3.91697 15.7447 2.06078
0.72 3.91671 15.7425 2.06146
0.725 3.91802 15.7525 2.06197
0.83 3.91518 15.7275 2.05812
0.7 3.91628 15.7389 2.05998
0.81 3.91578 15.7321 2.05764
0.815 3.91867 15.7587 2.06538
0.82 3.91689 15.7432 2.06275
0.755 3.91645 15.7382 2.06208
0.76 3.91715 15.745 2.06064
0.765 3.91565 15.7329 2.06144
0.77 3.91509 15.7258 2.05998
0.845 3.91478 15.7237 2.05578
0.85 3.91476 15.7234 2.05747
0.855 3.91532 15.728 2.05461
0.86 3.91266 15.7061 2.05183
0.76 3.91371 15.7136 2.05499
0.765 3.9138 15.7154 2.05257
0.77 3.91435 15.72 2.05393
0.775 3.9126 15.7035 2.05068
0.815 3.91262 15.7039 2.04986
0.82 3.91248 15.7024 2.04882
0.79 3.91209 15.6999 2.04985
0.83 3.91245 15.7022 2.04893
0.8 3.91085 15.6882 2.04656
0.805 3.91039 15.6834 2.0461
0.81 3.91255 15.7025 2.04673
0.85 3.9112 15.6899 2.04434
0.855 3.91095 15.6879 2.04347
0.86 3.91045 15.6836 2.04604
0.865 3.91159 15.6934 2.04444
0.87 3.90975 15.6773 2.04114
0.875 3.91121 15.6911 2.04142
0.88 3.90992 15.6787 2.04067
0.885 3.91088 15.6887 2.04042
0.89 3.91009 15.6803 2.03915
0.895 3.90859 15.6685 2.03748
0.9 3.90831 15.6654 2.03603
0.905 3.90932 15.6731 2.03775
0.91 3.90769 15.6589 2.03418
0.915 3.90587 15.6445 2.03352
0.92 3.90617 15.6466 2.03182
0.925 3.90811 15.662 2.03422
0.93 3.91054 15.6835 2.03642
0.935 3.9065 15.6497 2.03061
0.94 3.90682 15.6521 2.03144
0.945 3.90905 15.6711 2.03401
0.95 3.90774 15.6601 2.03154
0.955 3.90622 15.6475 2.02831
1.14 3.90576 15.6419 2.02954
1.145 3.90609 15.6454 2.02925
1.15 3.90635 15.6467 2.0281
1.155 3.90769 15.66 2.02909
1.16 3.90686 15.6521 2.02724
1.165 3.90686 15.6523 2.02906
1.17 3.90506 15.6366 2.02776
1.135 3.90457 15.6325 2.0263
1.14 3.90442 15.6313 2.02452
1.145 3.90535 15.6395 2.02467
1.15 3.90673 15.6517 2.02634
1.155 3.90633 15.6464 2.02418
1.055 3.93086 15.8864 2.07571
1.06 3.92722 15.85 2.06927
1.065 3.92715 15.8483 2.06742
1.07 3.92442 15.824 2.06397
1.075 3.92351 15.8162 2.063
1.08 3.92159 15.7968 2.05927
1.085 3.92116 15.7927 2.05947
1.09 3.92197 15.7985 2.05912
1.095 3.94586 16.0333 2.10692
1.1 3.94627 16.0345 2.10651
1.105 3.94583 16.0299 2.10899
1.11 3.94675 16.0394 2.1076
1.115 3.94441 16.0163 2.10556
1.12 3.91985 15.7828 2.05376
1.125 3.92198 15.7996 2.05738
1.13 3.91937 15.7754 2.05228
1.135 3.94561 16.0288 2.10584
1.14 3.94684 16.0421 2.10866
1.145 3.94692 16.0395 2.10812
1.15 3.94896 16.059 2.11273
1.155 3.94372 16.0113 2.10666
1.16 3.9476 16.0472 2.11173
1.165 3.98043 16.3637 2.17745
1.17 3.97584 16.3206 2.17499
1.175 3.97842 16.3464 2.17522
1.18 3.97796 16.3383 2.17776
1.185 3.97707 16.331 2.17799
1.19 3.97321 16.2938 2.17099
1.195 3.9763 16.3221 2.17927
0.2 3.98709 16.4283 2.19963
0.205 3.98936 16.4478 2.20484
0.21 3.99053 16.4586 2.20836
0.215 3.9891 16.4476 2.20776
0.22 3.97659 16.3263 2.17869
0.295 3.97192 16.2815 2.17084
0.3 3.95901 16.1546 2.1386
0.305 3.95871 16.1513 2.13965
0.31 3.95565 16.1236 2.13374
0.315 3.95502 16.1136 2.13234
0.32 3.94872 16.0529 2.11804
0.325 3.94385 16.0104 2.11188
0.33 3.9459 16.0272 2.11461
0.335 3.94557 16.0268 2.11602
0.34 3.98339 16.3903 2.19486
0.345 3.9855 16.4085 2.20047
0.35 3.98219 16.3792 2.19708
0.355 3.98115 16.3676 2.19583
