1.17 4.04642 17.0647 1.40125
1.175 4.04132 17.0101 1.40717
1.18 4.03717 16.9669 1.41093
1.185 4.03352 16.9312 1.41444
1.19 4.03268 16.9179 1.41633
1.195 4.03091 16.9028 1.41811
0.2 4.00595 16.6368 1.44398
0.205 4.00724 16.6501 1.44212
0.21 4.00726 16.6507 1.44217
0.215 4.00675 16.6418 1.44263
1.09 4.0218 16.7961 1.42787
1.095 4.01389 16.7288 1.43307
1.1 3.99975 16.5694 1.44962
1.105 4.001 16.5844 1.44774
1.11 3.99922 16.5616 1.44977
1.115 3.99297 16.5061 1.45481
1.12 3.9939 16.5113 1.45386
1.125 3.98864 16.456 1.45852
1.13 3.9887 16.4632 1.45704
1.135 3.98331 16.3966 1.46439
1.14 3.98548 16.421 1.4614
1.145 3.98248 16.3849 1.46419
1.15 3.98508 16.4086 1.46227
1.155 3.97942 16.3511 1.46709
1.16 3.98022 16.3603 1.4661
1.165 3.97733 16.332 1.46833
1.17 3.95989 16.1517 1.48634
0.305 3.96054 16.1552 1.48473
0.31 3.98375 16.4065 1.46188
0.315 3.9862 16.4255 1.45978
0.32 3.98408 16.4109 1.4611
0.325 3.98641 16.4297 1.45859
0.33 3.9877 16.4359 1.45767
0.335 3.95496 16.0924 1.49209
0.34 3.95439 16.0885 1.49267
0.28 3.95129 16.0544 1.49557
0.285 3.9518 16.062 1.49447
0.29 3.95368 16.0819 1.49141
0.295 3.95784 16.1168 1.4888
0.3 3.95639 16.1132 1.48768
0.305 3.96137 16.1538 1.48373
0.31 3.96144 16.1594 1.48296
0.315 3.9655 16.1935 1.47953
0.32 3.96557 16.1995 1.47798
0.325 3.96812 16.2225 1.47679
0.33 3.96893 16.2311 1.47499
0.335 3.96748 16.2207 1.47547
0.34 3.96862 16.232 1.4739
0.345 3.97433 16.2759 1.47097
0.35 3.953 16.0711 1.49262
0.355 3.95625 16.1031 1.48861
0.36 3.95774 16.1217 1.48576
0.285 3.96039 16.1425 1.48451
0.29 3.96299 16.1722 1.4808
0.295 3.96675 16.2091 1.4772
0.3 3.96721 16.2147 1.47562
0.305 3.96927 16.2326 1.47441
0.31 3.96921 16.2366 1.47312
0.315 3.97279 16.2722 1.47017
0.4 3.97061 16.2462 1.47267
0.405 3.96179 16.158 1.48169
0.41 3.96302 16.1743 1.48018
0.415 3.96995 16.2353 1.47402
0.42 3.97127 16.2528 1.47255
0.425 3.9721 16.263 1.47005
0.43 3.97575 16.2991 1.46694
0.5 3.97664 16.3113 1.46513
0.505 3.97556 16.3013 1.46635
0.51 3.97845 16.3285 1.46358
0.515 3.97336 16.2736 1.46909
0.52 3.97328 16.2807 1.46852
0.525 3.9788 16.3334 1.46266
0.53 3.98041 16.3496 1.46133
0.505 3.98195 16.3693 1.45906
0.51 3.98398 16.3866 1.45768
0.515 3.98473 16.3949 1.45684
0.45 3.98805 16.4259 1.45396
0.455 3.98741 16.4239 1.45367
0.46 3.98994 16.4461 1.45134
0.465 3.99091 16.4578 1.4507
0.47 3.99267 16.4765 1.44893
0.475 3.99384 16.4885 1.44807
0.48 3.99337 16.4907 1.44772
0.485 3.99506 16.5076 1.44596
0.49 3.99851 16.5343 1.44391
0.495 3.99859 16.5374 1.44264
0.5 4.00149 16.5647 1.44067
0.505 4.00066 16.5629 1.44033
0.51 4.00001 16.5559 1.44122
0.515 4.00117 16.5681 1.44084
0.52 4.00233 16.5814 1.43877
0.525 4.00264 16.5864 1.43941
0.53 4.0066 16.6206 1.43554
0.535 4.00745 16.6292 1.43451
0.54 4.00713 16.6311 1.43419
0.645 4.00591 16.6218 1.43534
0.65 4.00971 16.6542 1.43226
0.655 4.01037 16.6647 1.43132
0.56 4.01267 16.6848 1.42922
0.565 4.01288 16.6883 1.42943
0.57 4.00556 16.6088 1.43595
0.575 4.00644 16.6178 1.43513
0.58 4.00597 16.618 1.43519
0.585 4.00753 16.6321 1.43436
0.59 4.01 16.6563 1.43279
0.595 4.00967 16.6581 1.43147
0.6 4.01124 16.6742 1.42997
0.605 4.0137 16.696 1.42889
0.61 4.01438 16.7064 1.42755
0.615 4.01571 16.7174 1.4265
0.62 4.01498 16.7135 1.42765
0.625 4.01784 16.7379 1.42498
0.63 4.01754 16.738 1.42461
0.635 4.01762 16.7419 1.42466
0.64 4.02101 16.7685 1.42284
0.645 4.02165 16.7783 1.42176
0.615 4.01984 16.7649 1.42258
0.62 4.02026 16.7728 1.42203
0.66 4.0258 16.8174 1.41836
0.665 4.02156 16.7756 1.42183
0.67 4.01905 16.7613 1.42252
0.625 4.02057 16.7742 1.42163
0.63 4.02395 16.8 1.41954
0.635 4.02226 16.7901 1.42109
0.64 4.02371 16.8057 1.4191
0.66 4.02515 16.8206 1.41822
0.73 4.02431 16.8141 1.4182
0.735 4.02643 16.8285 1.41725
0.74 4.02587 16.8294 1.41755
0.745 4.02471 16.8207 1.41775
0.75 4.02441 16.8166 1.41862
0.755 4.02568 16.8286 1.41735
0.76 4.0265 16.8387 1.41624
0.765 4.02686 16.8417 1.41604
0.77 4.0291 16.8638 1.4145
0.775 4.02257 16.7974 1.42027
0.78 4.02447 16.8147 1.41865
0.785 4.02636 16.8295 1.41795
0.79 4.02611 16.831 1.41738
0.795 4.0251 16.8256 1.41786
0.8 4.02658 16.8395 1.4163
0.805 4.02859 16.8578 1.41552
0.81 4.02955 16.8685 1.41346
0.815 4.03031 16.8761 1.4134
0.82 4.03097 16.8853 1.41296
0.825 4.0322 16.8966 1.4127
0.83 4.03145 16.8895 1.41226
0.835 4.03106 16.8877 1.41295
0.84 4.03189 16.8943 1.41197
0.845 4.03355 16.9131 1.4109
0.85 4.03399 16.9202 1.41036
0.855 4.03589 16.9331 1.40891
0.86 4.03437 16.9217 1.41074
0.865 4.03661 16.9441 1.40788
0.87 4.03703 16.9471 1.40865
0.875 4.03674 16.9481 1.40838
0.88 4.03591 16.9449 1.40845
0.885 4.03801 16.9628 1.40707
0.89 4.03826 16.9657 1.40627
0.895 4.04059 16.9859 1.40533
0.9 4.03997 16.9815 1.40522
0.905 4.04065 16.9875 1.40467
0.91 4.04167 16.999 1.40443
0.915 4.04073 16.9954 1.4049
0.92 4.04166 17.005 1.40393
0.925 4.042 17.0066 1.40366
0.93 4.04284 17.0163 1.40335
0.935 4.04378 17.0259 1.40283
0.94 4.04318 17.022 1.40225
1.09 4.04502 17.0405 1.40107
1.095 4.04455 17.0379 1.40055
1.1 4.04413 17.0376 1.40138
1.105 4.04582 17.0517 1.40036
1.11 4.04712 17.063 1.39988
1.115 4.04892 17.0813 1.39766
1.12 4.04523 17.0526 1.40045
0.98 4.04904 17.0824 1.39803
0.985 4.04591 17.0607 1.39977
0.99 4.04769 17.0776 1.3978
0.995 4.04852 17.0842 1.3983
1 4.05189 17.1107 1.39617
1.005 4.04974 17.0982 1.39694
1.01 4.05195 17.116 1.39559
0.93 4.05198 17.1216 1.39503
0.935 4.04987 17.0974 1.39706
0.94 4.04795 17.0881 1.39807
1.175 4.05241 17.124 1.39503
1.18 4.05172 17.1191 1.39563
1.185 4.0543 17.1383 1.39388
1.19 4.05163 17.1218 1.39547
1.195 4.05204 17.1268 1.39539
0.2 4.02811 16.8698 1.42123
0.205 4.02742 16.865 1.42176
0.21 4.03075 16.9018 1.41696
0.215 4.03103 16.9065 1.41637
0.22 4.03339 16.9236 1.41594
0.225 4.03563 16.9496 1.41375
0.23 4.03438 16.9431 1.41329
0.235 4.03582 16.9557 1.41277
0.24 4.03593 16.9556 1.41261
