1.135 3.74389 14.0516 1.73478
1.14 3.74484 14.0608 1.72958
1.145 3.74691 14.0816 1.72069
1.15 3.74564 14.0697 1.72288
1.155 3.74577 14.0701 1.72181
1.16 3.74194 14.0315 1.73791
1.165 3.74179 14.0292 1.73717
1.17 3.74129 14.0255 1.73867
1.175 3.74109 14.0222 1.73779
1.18 3.74097 14.022 1.73605
1.185 3.74165 14.0274 1.73464
1.19 3.74058 14.0171 1.73709
1.195 3.74056 14.0171 1.73648
0.2 3.73585 13.9679 1.75615
0.205 3.73602 13.9696 1.75385
0.21 3.73286 13.9397 1.78349
0.215 3.73306 13.9418 1.7794
0.22 3.73353 13.9459 1.77417
0.225 3.73318 13.9425 1.77559
0.23 3.73342 13.9448 1.77299
0.235 3.7335 13.9457 1.77213
0.24 3.73408 13.9506 1.76762
0.245 3.7341 13.9516 1.76482
0.25 3.73439 13.9543 1.7623
0.41 3.73481 13.9581 1.76003
0.415 3.73517 13.9615 1.75671
0.265 3.73551 13.9645 1.75391
0.425 3.73588 13.9683 1.7506
0.4 3.73623 13.972 1.74763
0.28 3.73643 13.9734 1.74685
0.41 3.7371 13.9799 1.74198
0.29 3.73745 13.9831 1.74024
0.295 3.73793 13.9876 1.73768
0.3 3.73859 13.9936 1.73347
0.305 3.73902 13.9978 1.73061
0.31 3.73903 13.9987 1.73052
0.315 3.7391 13.9998 1.72982
0.32 3.73966 14.0049 1.72697
0.325 3.74001 14.008 1.72493
0.43 3.74028 14.0111 1.72384
0.435 3.74081 14.016 1.72143
0.34 3.7408 14.016 1.72174
0.345 3.74125 14.0204 1.7193
0.35 3.74185 14.0256 1.71636
0.355 3.74211 14.0285 1.71484
0.36 3.74271 14.0339 1.7127
0.365 3.74308 14.0374 1.71116
0.37 3.74323 14.0394 1.71036
0.375 3.74403 14.0462 1.70718
0.57 3.74359 14.044 1.70835
0.575 3.74154 14.0229 1.71583
0.58 3.74229 14.0293 1.71308
0.585 3.74237 14.0304 1.71276
0.59 3.74269 14.0335 1.71166
0.595 3.74309 14.0374 1.70949
0.6 3.74364 14.0426 1.70724
0.415 3.74348 14.0417 1.7079
0.42 3.74408 14.047 1.70494
0.425 3.74445 14.0511 1.70406
0.43 3.74514 14.0566 1.70152
0.625 3.74546 14.0606 1.70017
0.63 3.74371 14.0435 1.70779
0.545 3.74337 14.0408 1.70912
0.55 3.74376 14.0442 1.70742
0.555 3.74452 14.051 1.7045
0.56 3.74478 14.054 1.70339
0.565 3.74455 14.0529 1.70397
0.57 3.74544 14.0605 1.70098
0.575 3.74566 14.0628 1.69949
0.58 3.74565 14.0638 1.69977
0.585 3.74646 14.0711 1.697
0.59 3.7468 14.0745 1.69517
0.595 3.74714 14.0781 1.69439
0.6 3.74771 14.0836 1.69242
0.605 3.74828 14.0892 1.6906
0.61 3.7493 14.0978 1.68693
0.615 3.74769 14.0848 1.69209
0.62 3.74901 14.0959 1.68757
0.625 3.74952 14.1015 1.68567
0.63 3.75016 14.1071 1.68407
0.635 3.7499 14.1059 1.68458
0.64 3.75012 14.1072 1.68402
0.645 3.75085 14.1142 1.68174
0.65 3.75116 14.1177 1.68082
0.655 3.75164 14.1226 1.679
0.66 3.74995 14.1055 1.68388
0.665 3.75025 14.1091 1.68338
0.67 3.75081 14.1143 1.68164
0.675 3.75117 14.1186 1.68021
0.68 3.75193 14.1254 1.67785
0.685 3.75208 14.1269 1.6772
0.69 3.7529 14.1351 1.67436
0.695 3.75367 14.1417 1.67238
0.7 3.75346 14.1415 1.67303
0.705 3.75356 14.1416 1.67251
0.71 3.75353 14.1425 1.67296
0.715 3.75379 14.1456 1.67235
0.72 3.75473 14.1534 1.66966
0.725 3.7546 14.1537 1.66987
0.73 3.75501 14.1578 1.66878
0.735 3.75551 14.1624 1.66717
0.74 3.75591 14.1663 1.66617
0.745 3.75615 14.1691 1.66529
0.75 3.75673 14.1746 1.66406
0.755 3.75609 14.168 1.66552
0.76 3.75695 14.1757 1.66342
0.765 3.75643 14.1725 1.66478
0.77 3.75745 14.1817 1.66218
0.775 3.75795 14.1868 1.66069
0.78 3.75787 14.1873 1.66024
0.785 3.75897 14.1972 1.65786
0.7 3.75787 14.1875 1.66086
0.705 3.75908 14.1978 1.65764
0.71 3.75826 14.1924 1.65918
0.715 3.75888 14.1965 1.65807
0.72 3.75886 14.1978 1.65856
0.725 3.75965 14.205 1.65625
0.73 3.75979 14.2072 1.6557
0.735 3.75976 14.2082 1.65572
0.74 3.76059 14.2154 1.65399
0.745 3.76141 14.2225 1.65177
0.75 3.75987 14.2075 1.65563
0.755 3.76048 14.2133 1.65419
0.76 3.76058 14.215 1.65391
0.765 3.76055 14.2156 1.65384
0.77 3.76134 14.2226 1.65172
0.775 3.76216 14.2294 1.64987
0.78 3.76163 14.2265 1.65109
0.785 3.76204 14.2306 1.65026
0.79 3.7623 14.2329 1.64946
0.795 3.76251 14.2354 1.64928
0.8 3.76257 14.2367 1.64911
0.805 3.76344 14.2439 1.64696
0.81 3.76303 14.2417 1.64786
0.815 3.7635 14.2467 1.64692
0.82 3.76421 14.2529 1.64522
0.825 3.76446 14.2554 1.64465
0.83 3.76459 14.2562 1.64417
0.835 3.76492 14.2597 1.64361
0.84 3.76433 14.2562 1.64515
0.935 3.76504 14.2621 1.64319
0.85 3.76503 14.2616 1.64308
0.855 3.76566 14.2684 1.6418
0.86 3.7654 14.2671 1.64246
0.865 3.76556 14.2677 1.64212
0.87 3.76606 14.272 1.64099
0.875 3.76544 14.2682 1.64245
0.88 3.76666 14.2785 1.63989
0.885 3.76704 14.2819 1.6386
0.89 3.7666 14.2793 1.63949
0.925 3.76667 14.281 1.63989
0.93 3.76762 14.2885 1.63768
0.935 3.7668 14.283 1.63914
0.94 3.76815 14.2937 1.6361
0.945 3.76827 14.2959 1.6362
0.95 3.7678 14.2926 1.63692
0.955 3.76814 14.2959 1.63601
0.96 3.76803 14.2958 1.63675
0.965 3.76804 14.2948 1.63601
0.97 3.76884 14.3024 1.63513
0.975 3.76902 14.3048 1.63456
0.98 3.76865 14.3028 1.63517
0.985 3.76891 14.3061 1.63428
0.99 3.7681 14.2965 1.63682
0.995 3.76915 14.3051 1.63392
1.12 3.76933 14.3081 1.63428
1.005 3.76997 14.3127 1.63252
1.01 3.76971 14.3118 1.6326
1.135 3.77043 14.3182 1.63156
1.14 3.77065 14.3213 1.63134
1.145 3.77062 14.3221 1.63123
1.15 3.77029 14.3203 1.63186
1.155 3.77126 14.3284 1.62947
1.195 3.77039 14.3208 1.63183
1.165 3.7703 14.3191 1.63173
1.05 3.76441 14.2587 1.66138
0.21 3.76418 14.2582 1.6602
0.215 3.77027 14.3194 1.63323
0.22 3.77025 14.3197 1.63403
0.225 3.77055 14.3219 1.6334
1.075 3.77087 14.3268 1.63156
1.08 3.76954 14.3119 1.63928
1.085 3.76934 14.3099 1.64113
1.09 3.76903 14.3077 1.64225
1.095 3.76862 14.3043 1.64298
1.1 3.76867 14.3045 1.64437
0.26 3.76857 14.3035 1.64483
0.265 3.7684 14.3029 1.64335
0.27 3.7454 14.0679 1.75179
1.12 3.74549 14.0697 1.74803
1.125 3.76611 14.2766 1.65163
0.25 3.76491 14.2639 1.65736
1.09 3.76818 14.2984 1.64184
1.095 3.76428 14.2589 1.66024
1.1 3.76205 14.2371 1.66758
1.105 3.76064 14.222 1.67508
1.11 3.75891 14.2034 1.68202
1.115 3.75846 14.1989 1.6826
1.12 3.75787 14.193 1.6827
1.125 3.75605 14.1758 1.68906
