1.165 3.99682 16.5448 1.45864
1.17 3.999 16.5643 1.45666
1.175 3.99598 16.5388 1.4587
1.18 3.99645 16.538 1.45786
1.185 3.99735 16.5505 1.4565
1.19 3.99746 16.5504 1.45625
1.195 3.99748 16.55 1.45585
0.2 3.99366 16.5125 1.45885
0.205 3.99636 16.5367 1.45668
0.21 3.99645 16.5381 1.45632
0.215 3.99623 16.5348 1.45658
0.22 4.00023 16.5652 1.45318
0.225 3.99622 16.5323 1.45572
0.23 3.99594 16.5239 1.45704
0.235 3.99244 16.4932 1.45841
0.24 3.99651 16.5285 1.45606
0.245 3.99515 16.5191 1.45615
0.25 3.99398 16.5072 1.45674
0.255 3.99604 16.5245 1.45494
0.26 3.99719 16.5358 1.45363
0.265 3.99761 16.5373 1.45283
0.27 3.99575 16.5229 1.45539
0.275 3.99206 16.4815 1.45875
0.28 3.99326 16.4977 1.45728
0.285 3.9941 16.4994 1.45703
1.145 4.00055 16.5732 1.44937
1.15 4.00021 16.5644 1.45109
1.155 3.99526 16.5179 1.45484
1.16 3.99797 16.5437 1.45178
1.165 3.97769 16.3318 1.47276
1.17 3.9757 16.3131 1.47375
1.175 3.97674 16.3205 1.47368
1.18 3.98139 16.361 1.46905
1.185 3.98176 16.3669 1.46833
1.19 3.97556 16.305 1.47375
1.195 3.97791 16.3285 1.4716
0.2 3.97478 16.2937 1.4741
0.205 3.97859 16.3288 1.47044
0.355 3.97704 16.3189 1.47093
0.36 3.95779 16.1231 1.49458
0.365 3.95078 16.0486 1.50209
0.37 3.95184 16.0624 1.49983
0.375 3.95643 16.104 1.49464
0.38 3.95832 16.1246 1.49174
0.385 3.96105 16.1543 1.48861
0.39 3.96397 16.1815 1.48557
0.395 3.96567 16.1985 1.48369
0.4 3.96823 16.2211 1.48064
0.405 3.96978 16.2384 1.47902
0.41 3.97005 16.2463 1.47846
0.415 3.97127 16.2574 1.47671
0.42 3.97518 16.2913 1.47331
0.425 3.97425 16.2893 1.47282
0.43 3.97867 16.3277 1.46959
0.325 3.98036 16.3499 1.46574
0.44 3.98045 16.3495 1.46639
0.445 3.9762 16.3091 1.46979
0.45 3.97805 16.3273 1.46787
0.29 3.97987 16.3405 1.46727
0.295 3.98028 16.3484 1.46596
0.3 3.98307 16.3765 1.46337
0.305 3.98659 16.4097 1.45995
0.31 3.98883 16.4338 1.4578
0.48 3.9915 16.4552 1.45592
0.485 3.98858 16.4386 1.45658
0.49 3.99135 16.4653 1.4543
0.495 3.99571 16.5016 1.45098
0.5 3.99292 16.4793 1.45237
0.505 3.99329 16.4871 1.4522
0.51 3.99701 16.5188 1.44908
0.44 3.9981 16.5282 1.44914
0.52 3.99772 16.5289 1.44829
0.525 4.00109 16.5579 1.44537
0.53 4.00128 16.5614 1.4442
0.535 4.00164 16.57 1.44347
0.54 4.00486 16.5982 1.44158
0.545 4.00573 16.6106 1.44033
0.475 3.99159 16.4611 1.45414
0.48 3.99423 16.4843 1.45226
0.485 3.99427 16.4903 1.45089
0.49 3.9968 16.5138 1.44873
0.57 4.00049 16.5534 1.44563
0.575 4.00312 16.5856 1.44239
0.58 3.99739 16.5237 1.44859
0.585 3.99974 16.5488 1.44576
0.59 4.00279 16.5751 1.44317
0.52 4.00275 16.5807 1.44311
0.525 4.006 16.6052 1.44077
0.53 4.00161 16.5692 1.44331
0.535 4.00453 16.5997 1.44073
0.615 4.00505 16.6003 1.44104
0.62 4.00012 16.5525 1.44499
0.625 4.00038 16.5573 1.44502
0.63 4.00379 16.588 1.44187
0.6 4.0048 16.5966 1.44081
0.605 4.00505 16.601 1.4402
0.645 4.00583 16.6121 1.43949
0.65 4.00727 16.6283 1.43836
0.655 4.00773 16.6365 1.43781
0.66 4.01117 16.6666 1.43449
0.63 4.01363 16.6894 1.43234
0.67 4.01282 16.6855 1.43346
0.64 4.01709 16.7232 1.43019
0.645 4.01679 16.7239 1.42901
0.65 4.01685 16.7288 1.42928
0.655 4.01806 16.7399 1.42823
0.66 4.0189 16.7498 1.42739
0.55 4.02047 16.7669 1.42654
0.67 4.02192 16.778 1.42507
0.56 4.02258 16.789 1.42388
0.565 4.02175 16.7885 1.42357
0.57 4.01734 16.7346 1.42848
0.575 4.01931 16.7547 1.42681
0.58 4.01897 16.7528 1.42685
0.585 4.0214 16.7745 1.42517
0.57 4.02183 16.7853 1.42505
0.575 4.02343 16.795 1.42346
0.58 4.02225 16.7912 1.42323
0.585 4.02417 16.8077 1.4223
0.59 4.02453 16.8158 1.42121
0.595 4.02468 16.8133 1.42233
0.6 4.02636 16.8298 1.42078
0.605 4.0295 16.8592 1.41778
0.61 4.02816 16.8554 1.41805
0.615 4.03027 16.8737 1.41657
0.62 4.0309 16.8829 1.41611
0.625 4.03197 16.8943 1.41498
0.63 4.0334 16.909 1.41448
0.635 4.03021 16.8632 1.41787
0.64 4.03073 16.8711 1.4171
0.645 4.03147 16.8812 1.4162
0.65 4.03042 16.8756 1.41679
0.71 4.03318 16.9012 1.41413
0.715 4.03358 16.9005 1.41432
0.72 4.03159 16.887 1.41557
0.725 4.03452 16.9159 1.41322
0.73 4.03659 16.936 1.41217
0.735 4.03526 16.9275 1.41243
0.74 4.03866 16.956 1.41082
0.745 4.03775 16.9514 1.41089
0.75 4.03845 16.9575 1.41005
0.755 4.03972 16.9693 1.40922
0.76 4.04141 16.9869 1.40786
0.765 4.03627 16.9424 1.41158
0.77 4.03721 16.9501 1.41042
0.775 4.03937 16.9691 1.40942
0.815 4.04096 16.9835 1.40804
0.82 4.03807 16.9602 1.41036
0.825 4.03863 16.9671 1.40936
0.83 4.03956 16.9765 1.40887
0.835 4.04389 17.0125 1.406
0.84 4.04337 17.0152 1.40608
0.845 4.04072 16.9958 1.40715
0.85 4.04614 17.0368 1.40407
0.855 4.04489 17.031 1.40483
0.86 4.04649 17.0462 1.40409
0.865 4.04563 17.0412 1.40398
0.87 4.04616 17.046 1.40355
0.875 4.0447 17.0379 1.40412
0.88 4.04706 17.0556 1.40283
0.885 4.04807 17.0677 1.40157
0.89 4.0472 17.0621 1.40143
0.895 4.04859 17.0729 1.40133
0.9 4.0487 17.0773 1.40156
0.905 4.0496 17.0869 1.40029
0.835 4.0511 17.0991 1.39954
0.84 4.04859 17.0708 1.40108
0.845 4.04995 17.0828 1.39996
0.85 4.05059 17.0916 1.39995
0.855 4.05092 17.098 1.39995
0.86 4.05194 17.1083 1.39907
0.865 4.0525 17.1114 1.39816
0.87 4.05129 17.1064 1.39869
0.875 4.05381 17.1293 1.39716
0.88 4.0542 17.1335 1.397
0.885 4.05601 17.1493 1.39542
0.89 4.05223 17.1227 1.39766
0.895 4.05655 17.1588 1.3955
0.9 4.05651 17.1611 1.39539
0.905 4.05715 17.1688 1.39466
0.985 4.057 17.168 1.39444
0.99 4.05845 17.1761 1.39394
0.995 4.05636 17.161 1.39446
1 4.05633 17.1624 1.3946
1.005 4.05777 17.1778 1.39365
1.01 4.06063 17.2025 1.39218
1.015 4.06099 17.2096 1.39121
1.02 4.06185 17.2202 1.38986
0.93 4.06227 17.2257 1.38991
0.935 4.06116 17.2078 1.39177
0.94 4.06 17.2034 1.39262
0.945 4.05568 17.1553 1.39719
0.95 4.05606 17.1634 1.39663
0.955 4.05296 17.1317 1.39964
0.96 4.05222 17.1282 1.39989
0.965 4.05317 17.1307 1.40036
0.97 4.05153 17.1144 1.40278
0.975 4.05011 17.1 1.40398
1.115 4.04592 17.0559 1.40683
1.12 4.04693 17.0657 1.40685
