0.22 3.92099 15.7539 2.18234
0.225 3.91856 15.7284 2.17819
0.22 3.91679 15.7114 2.17567
0.225 3.91415 15.6851 2.17036
0.235 3.91126 15.6605 2.16631
0.24 3.90795 15.6289 2.15984
0.245 3.90715 15.6182 2.15789
0.25 3.90444 15.5922 2.15177
0.255 3.90398 15.5865 2.15183
0.26 3.90092 15.5578 2.14558
0.265 3.89903 15.5412 2.14187
0.27 3.89764 15.5287 2.1406
0.275 3.89681 15.5182 2.1377
0.275 3.89545 15.5055 2.13409
0.28 3.89474 15.4974 2.13144
0.29 3.89222 15.4736 2.12775
0.29 3.88946 15.4484 2.12325
0.3 3.88822 15.437 2.11985
0.3 3.88622 15.4181 2.11479
0.31 3.88442 15.4003 2.11251
0.31 3.88326 15.3894 2.11007
0.32 3.8813 15.3719 2.10693
0.32 3.8814 15.3701 2.10552
0.325 3.87924 15.3504 2.10184
0.34 3.87896 15.3467 2.10027
0.345 3.87819 15.3393 2.09811
0.35 3.87481 15.309 2.09486
0.355 3.87608 15.3183 2.09367
0.36 3.87475 15.3063 2.08944
0.365 3.87332 15.2927 2.08741
0.37 3.87205 15.2819 2.08465
0.375 3.87111 15.2697 2.08228
0.38 3.8703 15.2638 2.08088
0.385 3.86856 15.2475 2.07665
0.39 3.86808 15.2438 2.07558
0.395 3.86855 15.2462 2.07413
0.4 3.8664 15.2283 2.07231
0.405 3.86643 15.227 2.07011
0.41 3.86608 15.2225 2.06859
0.415 3.86429 15.2073 2.06587
0.42 3.86389 15.2034 2.06411
0.425 3.86112 15.1792 2.0593
0.43 3.86187 15.1836 2.06031
0.435 3.86211 15.1849 2.06077
0.44 3.8605 15.1715 2.05652
0.445 3.85886 15.1572 2.05351
0.45 3.8582 15.149 2.05047
0.455 3.85862 15.1522 2.05065
0.45 3.85802 15.1469 2.04855
0.455 3.85597 15.1295 2.0463
0.46 3.85665 15.1347 2.04609
0.465 3.85507 15.1203 2.04282
0.47 3.85495 15.1183 2.04174
0.475 3.85476 15.1169 2.04045
0.48 3.85477 15.1153 2.03946
0.485 3.8529 15.1003 2.0355
0.49 3.85436 15.1101 2.03814
0.495 3.85326 15.1017 2.03397
0.5 3.85441 15.1109 2.03485
0.505 3.84882 15.0632 2.02772
0.525 3.85161 15.0854 2.0299
0.53 3.85062 15.0773 2.02758
0.535 3.84913 15.0633 2.02659
0.54 3.84946 15.0667 2.02517
0.545 3.84922 15.064 2.02264
0.55 3.84779 15.0517 2.02205
0.555 3.84689 15.0434 2.02077
0.56 3.84751 15.0481 2.01853
0.565 3.84574 15.0326 2.01585
0.57 3.84771 15.0494 2.01657
0.575 3.84523 15.0267 2.01359
0.58 3.84445 15.0206 2.01138
0.585 3.84612 15.0342 2.01255
0.59 3.84438 15.0197 2.00989
0.595 3.84454 15.0202 2.00817
0.59 3.84418 15.0181 2.00877
0.595 3.84468 15.0214 2.00826
0.6 3.84354 15.0113 2.00564
0.605 3.84306 15.0069 2.00566
0.61 3.84323 15.0082 2.00351
0.615 3.84346 15.0104 2.0036
0.62 3.84213 14.9983 2.00133
0.625 3.84172 14.9947 1.99954
0.63 3.84152 14.9921 1.99926
0.635 3.84201 14.9967 1.99873
0.64 3.84183 14.9953 1.99736
0.645 3.84012 14.9803 1.9943
0.65 3.84071 14.9854 1.99462
0.655 3.83791 14.9612 1.99222
0.66 3.84029 14.981 1.99393
0.665 3.8393 14.9728 1.99115
0.67 3.83896 14.9697 1.99083
0.675 3.83981 14.9761 1.99171
0.68 3.83942 14.9741 1.98955
0.685 3.83993 14.9786 1.98879
0.69 3.8392 14.9711 1.98734
0.695 3.83837 14.9639 1.98672
0.7 3.839 14.9694 1.98682
0.705 3.83788 14.9603 1.98495
0.71 3.83868 14.9664 1.98497
0.715 3.83718 14.9537 1.982
0.72 3.838 14.9605 1.98301
0.725 3.83816 14.961 1.98302
0.73 3.83869 14.9661 1.98155
0.735 3.83721 14.954 1.98047
0.74 3.83695 14.9511 1.97846
0.745 3.83727 14.953 1.98039
0.75 3.83801 14.9592 1.97936
0.755 3.83698 14.9509 1.97879
0.76 3.83672 14.9484 1.97672
0.765 3.83622 14.9441 1.97472
0.77 3.8365 14.9463 1.97446
0.775 3.83437 14.9284 1.97189
0.78 3.83657 14.9472 1.97335
0.795 3.83491 14.9324 1.97333
0.8 3.83567 14.9394 1.97303
0.805 3.83569 14.9386 1.97212
0.81 3.83484 14.932 1.97044
0.815 3.8346 14.9303 1.96817
0.82 3.83536 14.937 1.96969
0.825 3.83506 14.9338 1.969
0.83 3.8346 14.9303 1.96795
0.835 3.83389 14.9236 1.96741
0.84 3.83396 14.9243 1.96603
0.845 3.83369 14.9222 1.96431
0.85 3.8343 14.9278 1.96571
0.855 3.83411 14.9259 1.96406
0.855 3.83491 14.9327 1.96582
0.87 3.83464 14.9301 1.96433
0.875 3.83251 14.9124 1.95969
0.88 3.83415 14.9269 1.96464
0.885 3.83436 14.9271 1.96488
0.89 3.83355 14.9207 1.9605
0.895 3.83278 14.9148 1.96148
0.9 3.83202 14.9088 1.95821
0.905 3.83196 14.9076 1.95892
0.9 3.83357 14.9214 1.95846
0.905 3.83343 14.92 1.96016
0.91 3.83196 14.9082 1.95628
0.915 3.83146 14.9037 1.95795
0.92 3.83292 14.9156 1.95651
0.925 3.83291 14.9156 1.95634
0.93 3.83234 14.9103 1.95658
0.935 3.83184 14.9065 1.95507
0.94 3.83115 14.9006 1.95239
0.945 3.83173 14.9062 1.95389
0.95 3.83172 14.9062 1.95261
0.955 3.82982 14.8892 1.95201
0.96 3.83024 14.8931 1.9505
0.965 3.83261 14.9135 1.95139
0.97 3.83216 14.9095 1.95129
0.975 3.83121 14.9014 1.94915
0.98 3.83029 14.8936 1.94881
0.985 3.83155 14.9044 1.94829
0.99 3.8323 14.9121 1.94903
0.995 3.83121 14.9011 1.94832
1 3.83114 14.9017 1.94739
1.005 3.83107 14.9013 1.94617
1.01 3.83023 14.8934 1.94603
1.015 3.82977 14.8899 1.9451
1.02 3.83005 14.8926 1.94427
1.025 3.83109 14.9007 1.94573
1.03 3.82997 14.8923 1.94439
1.035 3.83179 14.907 1.94666
1.04 3.82967 14.889 1.94335
1.045 3.83061 14.8971 1.94234
1.05 3.83058 14.8969 1.94411
1.055 3.83123 14.9028 1.94387
1.06 3.83037 14.8954 1.94318
1.065 3.82916 14.8861 1.94127
1.07 3.83021 14.8949 1.94195
1.075 3.82918 14.8858 1.94054
1.08 3.82876 14.8825 1.93915
1.085 3.82891 14.8839 1.93902
1.09 3.82909 14.8857 1.9404
1.095 3.83105 14.9014 1.94033
1.1 3.82905 14.8853 1.93877
1.105 3.82919 14.8863 1.93692
1.11 3.8302 14.894 1.93793
1.115 3.82995 14.893 1.939
1.115 3.82995 14.8934 1.93864
1.12 3.82943 14.8886 1.93755
1.125 3.8292 14.8873 1.93538
1.125 3.82883 14.8844 1.93617
1.13 3.82802 14.877 1.93499
1.155 3.82941 14.889 1.93527
1.14 3.82797 14.8777 1.93488
1.145 3.82919 14.8869 1.93382
1.15 3.82839 14.88 1.93506
1.18 3.83021 14.8953 1.93592
1.16 3.82919 14.8879 1.93439
1.19 3.82765 14.8736 1.9324
1.17 3.82988 14.8927 1.93513
1.175 3.82998 14.8951 1.93515
1.18 3.83597 14.953 1.95056
1.185 3.83306 14.9241 1.94153
1.19 3.88993 15.4616 2.09582
1.195 3.85287 15.1102 1.99676
0.2 3.91096 15.6581 2.15325
0.205 3.9099 15.6484 2.15344
