0.23 3.0514 9.54575 1.66531
0.24 3.05249 9.55304 1.6599
0.25 3.05278 9.54807 1.6553
0.26 3.04796 9.52032 1.65292
0.27 3.05211 9.54446 1.64951
0.28 3.04871 9.51908 1.64367
0.29 3.04811 9.51252 1.6404
0.3 3.05025 9.52354 1.6311
0.31 3.05003 9.52543 1.62951
0.32 3.04627 9.52396 1.62567
0.33 3.04555 9.50552 1.6244
0.34 3.046 9.49409 1.62665
0.35 3.04684 9.50486 1.61671
0.36 3.04778 9.50752 1.61681
0.37 3.0409 9.49253 1.61591
0.38 3.04401 9.49047 1.61106
0.39 3.04499 9.48611 1.60366
0.4 3.04138 9.48088 1.59924
0.41 3.04202 9.49322 1.59626
0.42 3.0422 9.47051 1.5923
0.43 3.04409 9.47511 1.59235
0.44 3.04233 9.48267 1.59074
0.45 3.04251 9.49434 1.58835
0.46 3.04465 9.47461 1.5864
0.47 3.04261 9.46679 1.5808
0.48 3.0421 9.45056 1.58367
0.49 3.04353 9.46782 1.57915
0.5 3.04046 9.50843 1.57519
0.51 3.04157 9.43915 1.58091
0.52 3.04042 9.47875 1.57792
0.53 3.04324 9.47466 1.56995
0.54 3.04453 9.49257 1.57199
0.55 3.04359 9.45576 1.56912
0.56 3.04354 9.47725 1.56244
0.57 3.04271 9.4628 1.56953
0.58 3.04086 9.43904 1.57025
0.59 3.04473 9.46637 1.55877
0.6 3.04351 9.48048 1.56313
0.61 3.04199 9.46652 1.55481
0.62 3.04058 9.44263 1.56062
0.63 3.04278 9.45842 1.55521
0.63 3.04041 9.45015 1.55319
0.64 3.04212 9.45514 1.55159
0.65 3.04429 9.46628 1.55145
0.66 3.04248 9.48181 1.55095
0.67 3.04258 9.45591 1.54575
0.68 3.04043 9.46037 1.5495
0.69 3.04418 9.46031 1.54425
0.7 3.04346 9.45988 1.54586
0.71 3.04351 9.46814 1.5412
0.72 3.04242 9.44894 1.54391
0.74 3.04276 9.45894 1.54302
0.75 3.04234 9.45793 1.53679
0.76 3.04286 9.46976 1.53946
0.77 3.04397 9.45211 1.53641
0.78 3.04184 9.43881 1.53713
0.79 3.04512 9.48192 1.5328
0.8 3.04208 9.45804 1.53724
0.81 3.04346 9.4685 1.53319
0.82 3.04388 9.46539 1.5307
0.83 3.04255 9.5871 1.53039
0.84 3.04342 9.44781 1.53082
0.85 3.04352 9.45033 1.5296
0.86 3.04293 9.45423 1.52958
0.87 3.0425 9.45649 1.52452
0.88 3.04311 9.47154 1.52504
0.89 3.04233 9.44604 1.52515
0.9 3.04327 9.45612 1.5233
0.91 3.04169 9.45395 1.5291
0.92 3.04526 9.46346 1.52066
0.93 3.04135 9.44237 1.52447
0.94 3.04615 9.46278 1.51766
0.95 3.04283 9.44635 1.52034
0.96 3.04379 9.45429 1.51466
0.97 3.04282 9.4648 1.51875
0.98 3.04318 9.44665 1.52068
0.99 3.04569 9.455 1.51863
0.97 3.04439 9.45834 1.51667
0.98 3.04607 9.47088 1.51692
0.99 3.04527 9.45442 1.51152
1.03 3.04706 9.46352 1.51181
1.04 3.04574 9.44797 1.51223
1.02 3.04741 9.58092 1.50883
1.06 3.0431 9.45447 1.51026
1.07 3.04343 9.43278 1.51061
1.08 3.04384 9.4617 1.5077
1.09 3.04511 9.48275 1.51044
1.09 3.04408 9.43994 1.50778
1.1 3.04528 9.44241 1.51032
1.11 3.04221 9.44056 1.5116
1.12 3.0424 9.44193 1.50967
1.14 3.04492 9.45588 1.50775
1.14 3.04083 9.42066 1.51212
1.16 3.04338 9.43953 1.50671
1.17 3.0455 9.48631 1.50311
1.18 3.04505 9.46238 1.50526
1.19 3.04653 9.45201 1.5044
1.19 3.0492 9.49683 1.588
0.2 3.05127 9.5097 1.58821
0.21 3.05013 9.52665 1.60929
