1.19 3.02966 9.28505 1.73389
0.22 3.13485 10.128 1.95473
0.21 3.12971 10.0974 1.94522
0.22 3.12353 10.0395 1.93553
0.23 3.11724 9.99335 1.92382
0.24 3.11391 9.97425 1.91886
0.25 3.11275 9.96141 1.91681
0.26 3.10897 9.92426 1.91031
0.28 3.10748 9.91515 1.90607
0.28 3.10692 9.95639 1.9076
0.3 3.09854 9.84492 1.89068
0.32 3.09857 9.85876 1.89107
0.32 3.09455 9.82857 1.88456
0.34 3.09444 9.81177 1.88115
0.35 3.0888 9.77305 1.87423
0.36 3.08812 9.76657 1.87155
0.37 3.08255 9.74367 1.86279
0.38 3.08252 9.72262 1.85929
0.39 3.08347 9.73014 1.86084
0.4 3.08026 9.70871 1.85635
0.41 3.07883 9.68711 1.8506
0.42 3.07599 9.67261 1.84853
0.42 3.07517 9.66559 1.84667
0.44 3.07191 9.64435 1.83779
0.45 3.0748 9.6488 1.84297
0.46 3.07086 9.62506 1.83331
0.47 3.06776 9.60484 1.82779
0.48 3.0666 9.60245 1.82798
0.49 3.06529 9.59023 1.82467
0.49 3.06474 9.58329 1.82399
0.51 3.06301 9.57851 1.82124
0.51 3.06157 9.60944 1.81772
0.52 3.06192 9.55641 1.81781
0.54 3.05683 9.53741 1.80897
0.55 3.05818 9.52929 1.80688
0.55 3.05889 9.54067 1.81139
0.57 3.0555 9.51692 1.80184
0.58 3.05514 9.51287 1.80267
0.59 3.056 9.51313 1.80248
0.6 3.0561 9.5147 1.80447
0.61 3.05282 9.49265 1.79827
0.62 3.0528 9.48247 1.79511
0.63 3.05108 9.47258 1.79328
0.64 3.05058 9.46173 1.79013
0.64 3.04896 9.46596 1.78721
0.65 3.05022 9.46443 1.79092
0.66 3.04932 9.45349 1.78819
0.67 3.0453 9.45649 1.78144
0.68 3.04701 9.44341 1.78149
0.69 3.04895 9.46128 1.78558
0.7 3.046 9.43525 1.77813
0.71 3.04445 9.46102 1.7789
0.72 3.04498 9.44377 1.78068
0.73 3.04486 9.42647 1.7764
0.74 3.0438 9.41586 1.77264
0.75 3.04303 9.40037 1.77449
0.76 3.04448 9.40569 1.77452
0.77 3.0435 9.40002 1.77469
0.78 3.0412 9.39579 1.76777
0.79 3.03988 9.40714 1.76469
0.8 3.04145 9.3942 1.76646
0.81 3.04065 9.38504 1.76736
0.82 3.03971 9.37214 1.75999
0.83 3.03951 9.3735 1.76285
0.84 3.04097 9.40404 1.76634
0.85 3.03943 9.38018 1.76106
0.86 3.03801 9.37301 1.75928
0.87 3.03764 9.35824 1.75855
0.88 3.03619 9.35214 1.75419
0.89 3.03616 9.35568 1.75498
0.9 3.03445 9.34368 1.74831
0.91 3.03715 9.34265 1.75403
0.92 3.03632 9.34198 1.7508
0.93 3.03504 9.33524 1.75024
0.94 3.03575 9.33628 1.75107
0.95 3.03456 9.32681 1.74698
0.96 3.03423 9.33783 1.75048
0.97 3.03354 9.3281 1.74806
0.98 3.03184 9.32232 1.74318
0.99 3.03312 9.33019 1.74643
1 3.03319 9.32314 1.74701
1.01 3.0308 9.32096 1.73905
1.02 3.03284 9.31663 1.74524
1.03 3.03241 9.32475 1.74314
1.04 3.03247 9.31075 1.74271
1.06 3.03024 9.30373 1.73921
1.06 3.03125 9.31339 1.73931
1.07 3.03129 9.29837 1.73839
1.08 3.03096 9.30331 1.74219
1.09 3.03121 9.30537 1.74054
1.1 3.03098 9.30375 1.7377
1.11 3.03154 9.30056 1.74195
1.12 3.02885 9.29411 1.73137
1.13 3.03014 9.30013 1.73533
1.14 3.03048 9.29724 1.73864
1.15 3.02696 9.28252 1.72966
1.16 3.02971 9.28366 1.73518
1.17 3.02858 9.2724 1.72856
1.18 3.02846 9.30416 1.73253
1.19 3.03572 9.33926 1.74784
