0.22 3.16985 10.5747 1.49156
0.23 3.1737 10.6071 1.48499
0.24 3.17322 10.6062 1.48093
0.25 3.16746 10.5694 1.48357
0.26 3.17272 10.6009 1.47503
0.27 3.17061 10.5933 1.47053
0.28 3.17425 10.613 1.47021
0.29 3.17524 10.6119 1.46531
0.3 3.17824 10.6377 1.45984
0.31 3.1791 10.6476 1.45913
0.31 3.18008 10.6632 1.4575
0.33 3.17906 10.6563 1.44908
0.34 3.18253 10.6644 1.45153
0.35 3.17828 10.6578 1.44629
0.36 3.17492 10.6323 1.45154
0.37 3.1813 10.6914 1.4431
0.37 3.18458 10.7397 1.44217
0.38 3.18217 10.6741 1.43952
0.39 3.18079 10.6684 1.43566
0.41 3.18368 10.7178 1.43437
0.41 3.1883 10.734 1.42804
0.43 3.1911 10.7322 1.42581
0.44 3.1894 10.7145 1.42674
0.45 3.18575 10.7121 1.42497
0.46 3.18803 10.7335 1.42197
0.47 3.18986 10.7216 1.42082
0.48 3.19115 10.7233 1.42038
0.49 3.19201 11.2952 1.4164
0.5 3.20117 10.7771 1.41469
0.5 3.19391 10.7558 1.41277
0.51 3.19406 10.7598 1.41032
0.53 3.20138 10.7962 1.40534
0.54 3.19549 10.7742 1.4114
0.55 3.19171 10.7332 1.40952
0.56 3.19507 10.7714 1.40469
0.57 3.20032 10.7936 1.40109
0.58 3.19434 10.7763 1.40181
0.59 3.19419 10.7575 1.40689
0.6 3.19703 10.7767 1.39956
0.61 3.19725 10.7785 1.39986
0.62 3.19721 10.786 1.39828
0.63 3.19377 10.7843 1.39908
0.64 3.19828 10.8047 1.39339
0.65 3.19873 10.8254 1.39501
0.66 3.20453 10.8282 1.3901
0.66 3.20215 10.8242 1.39066
0.68 3.20109 10.8098 1.39167
0.69 3.2035 10.8254 1.38637
0.7 3.20624 10.8425 1.38786
0.71 3.20157 10.827 1.38564
0.72 3.20206 10.8276 1.38734
0.73 3.20539 10.8457 1.38077
0.74 3.20138 10.8211 1.38382
0.75 3.21002 10.8637 1.38002
0.76 3.20449 10.8209 1.38402
0.77 3.20432 10.8348 1.38262
0.77 3.20372 10.8225 1.3814
0.78 3.20747 10.856 1.37834
0.8 3.20605 10.8454 1.37701
0.81 3.20753 10.8581 1.37797
0.82 3.20274 10.823 1.37901
0.83 3.21279 10.9056 1.37356
0.84 3.20344 10.8511 1.3775
0.85 3.21263 10.9158 1.37245
0.86 3.21099 10.8738 1.3702
0.87 3.21356 10.8983 1.36925
0.88 3.21106 10.8836 1.36955
0.89 3.21408 10.8992 1.36422
0.9 3.21171 10.8889 1.36646
0.91 3.21157 10.8884 1.36859
0.92 3.21047 10.8621 1.36604
0.93 3.2129 10.9062 1.36559
0.94 3.21275 10.8826 1.36265
0.95 3.21225 10.8788 1.3672
0.96 3.20831 10.8591 1.36845
0.97 3.21297 10.9302 1.36211
0.98 3.21367 10.8919 1.36671
0.99 3.21852 10.9264 1.36069
1 3.21938 10.9257 1.35812
1.01 3.22285 10.9377 1.3574
1.02 3.21658 10.9419 1.35899
1.03 3.21354 10.8833 1.36001
1.04 3.21373 10.9343 1.35854
1.05 3.21182 10.8914 1.35743
1.06 3.22079 10.9769 1.35677
1.07 3.22382 10.951 1.35284
1.08 3.20803 10.8656 1.36463
1.09 3.21153 10.8904 1.36015
1.1 3.21743 10.9323 1.35901
1.1 3.21661 10.9252 1.35488
1.11 3.21892 10.9306 1.35441
1.12 3.21835 10.9538 1.35263
1.13 3.22004 10.9399 1.35772
1.14 3.21853 10.9374 1.35438
1.15 3.22094 10.9398 1.35306
1.16 3.2221 10.9452 1.35271
1.17 3.21351 10.8999 1.35516
1.18 3.22106 10.9392 1.35209
1.19 3.22332 10.9511 1.35269
0.2 3.18976 10.7809 1.43667
