0.21 3.06305 9.68636 1.63969
0.22 3.06182 9.62681 1.63867
0.23 3.06159 9.62519 1.63211
0.24 3.06038 9.6249 1.6293
0.25 3.0629 9.63744 1.62596
0.26 3.05985 9.61269 1.62165
0.27 3.05889 9.61297 1.61405
0.28 3.0575 9.60012 1.61064
0.29 3.05763 9.6247 1.60911
0.3 3.05872 9.61788 1.60256
0.31 3.0573 9.60707 1.59782
0.32 3.05627 9.60038 1.59766
0.33 3.0605 9.61698 1.59046
0.34 3.05882 9.60584 1.58999
0.35 3.05663 9.58368 1.58884
0.36 3.05573 9.57577 1.58645
0.37 3.05496 9.61311 1.58628
0.38 3.05777 9.59539 1.57928
0.39 3.05515 9.56878 1.57616
0.4 3.05497 9.58989 1.57339
0.41 3.05554 9.57553 1.57789
0.42 3.05634 9.585 1.56991
0.43 3.05364 9.61781 1.56501
0.44 3.0556 9.56963 1.56431
0.45 3.0546 9.57137 1.56124
0.46 3.05369 9.57497 1.5594
0.47 3.05527 9.58 1.55681
0.48 3.05408 9.56817 1.55161
0.49 3.05539 9.57022 1.55522
0.5 3.05644 9.58146 1.54881
0.51 3.05491 9.87671 1.5492
0.52 3.05603 9.57145 1.5482
0.53 3.05934 9.58948 1.5437
0.54 3.05705 9.60268 1.54125
0.55 3.05578 9.57096 1.54358
0.56 3.05613 9.57512 1.53985
0.57 3.05387 9.55456 1.53699
0.58 3.05876 9.59891 1.53435
0.59 3.05607 9.56382 1.53633
0.6 3.05144 9.56227 1.53429
0.61 3.06145 9.60817 1.52786
0.62 3.05563 9.56602 1.5312
0.63 3.05862 9.59713 1.52331
0.64 3.05827 9.58455 1.52561
0.65 3.05956 9.58476 1.52606
0.66 3.05478 9.56882 1.52839
0.67 3.0566 9.58596 1.52024
0.68 3.05818 9.60545 1.5184
0.69 3.0582 9.58334 1.52113
0.7 3.05934 9.58376 1.52301
0.71 3.05917 9.60944 1.51468
0.72 3.05929 9.58239 1.515
0.73 3.05734 9.58133 1.51396
0.74 3.05911 9.59075 1.51238
0.75 3.05927 9.71044 1.50938
0.76 3.05564 9.60147 1.51006
0.77 3.05783 9.60275 1.50884
0.78 3.05942 9.59026 1.50817
0.79 3.05714 9.59082 1.50952
0.8 3.05806 9.58209 1.50864
0.81 3.05832 9.57596 1.50834
0.82 3.06107 9.59823 1.50287
0.83 3.05805 9.59372 1.49861
0.84 3.05939 9.57972 1.50334
0.85 3.06116 9.60566 1.5013
0.86 3.06005 9.58279 1.50195
0.87 3.05993 9.5901 1.50012
0.88 3.06177 9.59017 1.49778
0.89 3.05684 9.57827 1.5014
0.9 3.05847 9.57106 1.50118
0.91 3.05759 9.5785 1.4995
0.92 3.05925 9.57429 1.50002
0.93 3.06277 9.68526 1.49261
0.94 3.06065 9.59118 1.49227
0.95 3.06304 9.6233 1.48826
0.96 3.0635 9.60648 1.49277
0.97 3.06224 9.60063 1.48973
0.98 3.06043 9.59787 1.49477
0.99 3.05816 9.57835 1.49496
1 3.06181 9.6697 1.48963
1.01 3.06235 9.59977 1.4874
1.02 3.0627 9.61403 1.4917
1.03 3.05797 9.58332 1.48978
1.04 3.06094 9.59315 1.48787
1.05 3.06067 9.5767 1.48719
1.06 3.0593 9.58103 1.49098
1.07 3.06369 9.59367 1.48549
1.08 3.06085 9.60218 1.48766
1.09 3.06213 9.60445 1.47874
1.1 3.06225 9.61918 1.48423
1.11 3.06011 9.5867 1.48594
1.12 3.06118 9.5978 1.48187
1.13 3.0627 9.61761 1.4831
1.14 3.06426 9.60652 1.48064
1.15 3.0642 9.61264 1.47745
1.16 3.06494 9.60555 1.47622
1.17 3.06144 9.58935 1.4814
1.18 3.06066 9.58758 1.48134
1.19 3.06143 9.59343 1.48418
0.2 3.06269 9.61685 1.52325
