0.23 3.19247 10.7704 1.46918
0.24 3.20025 10.8277 1.46012
0.25 3.19315 10.7942 1.4617
0.26 3.19577 10.8012 1.45789
0.27 3.20196 10.8436 1.45503
0.28 3.19523 10.8131 1.45057
0.29 3.1988 10.8237 1.44719
0.3 3.19957 10.8365 1.44632
0.31 3.20549 10.8669 1.43956
0.32 3.20438 10.8569 1.4356
0.33 3.20736 10.8946 1.4298
0.34 3.20774 10.9099 1.42945
0.35 3.20574 10.882 1.43275
0.36 3.21185 10.9339 1.42205
0.37 3.20837 10.9013 1.4238
0.38 3.2121 10.9312 1.41846
0.39 3.21074 10.9206 1.4183
0.4 3.20951 10.9369 1.4157
0.41 3.20855 10.9172 1.41459
0.42 3.21276 10.9362 1.4121
0.43 3.20955 10.9189 1.41217
0.44 3.2125 10.941 1.40664
0.45 3.21618 10.968 1.40505
0.46 3.21681 10.9805 1.40152
0.47 3.21814 10.9808 1.40177
0.48 3.21636 10.9726 1.40089
0.49 3.21645 10.9712 1.39428
0.5 3.22432 11.0299 1.39357
0.51 3.21938 10.987 1.39026
0.52 3.21451 10.9661 1.3939
0.52 3.21866 10.9853 1.39062
0.53 3.22071 11.0188 1.3865
0.55 3.22292 10.9951 1.38743
0.56 3.22643 11.0225 1.38022
0.57 3.22531 11.024 1.38227
0.58 3.22472 11.0257 1.38367
0.59 3.22178 11.0164 1.38384
0.6 3.22942 11.063 1.37882
0.61 3.22918 11.0458 1.37608
0.62 3.22985 11.0493 1.3784
0.63 3.2272 11.0458 1.37974
0.64 3.22927 11.0578 1.37604
0.65 3.22967 11.0537 1.37472
0.66 3.23072 11.0892 1.37289
0.67 3.23028 11.0716 1.37124
0.68 3.22994 11.0894 1.37442
0.69 3.22993 11.1 1.37414
0.7 3.23753 11.1358 1.36445
0.71 3.23475 11.0979 1.36674
0.72 3.23426 11.0815 1.36792
0.73 3.23983 11.1687 1.36463
0.74 3.23318 11.0887 1.36918
0.75 3.23076 11.1148 1.36779
0.76 3.23304 11.1462 1.36579
0.77 3.23589 11.1125 1.36336
0.78 3.23719 11.1214 1.3589
0.79 3.23621 11.0998 1.36083
0.8 3.23757 11.1299 1.36181
0.81 3.23985 11.1133 1.35648
0.82 3.24682 11.1674 1.34983
0.83 3.2392 11.1191 1.35753
0.84 3.2465 11.2046 1.35235
0.85 3.23683 11.1081 1.3554
0.86 3.23257 11.1091 1.35566
0.87 3.24117 11.1358 1.35167
0.88 3.24435 11.1978 1.35017
0.89 3.23826 11.1329 1.35252
0.9 3.23979 11.1374 1.35145
0.91 3.24491 11.1569 1.35049
0.92 3.24255 11.1396 1.34531
0.93 3.24489 11.179 1.34618
0.94 3.24291 11.1575 1.34774
0.95 3.24688 11.1949 1.34611
0.96 3.24523 11.171 1.34758
0.97 3.24579 11.1801 1.34258
0.98 3.2474 11.1868 1.34842
0.99 3.2518 11.2227 1.34429
1 3.24544 11.1595 1.34036
1.01 3.2473 11.1731 1.34669
1.02 3.24616 11.165 1.3442
1.03 3.24446 11.1584 1.34229
1.02 3.24783 11.1972 1.34187
1.03 3.24665 11.2137 1.34136
1.04 3.24555 11.1647 1.34285
1.05 3.24174 11.1653 1.33648
1.06 3.24593 11.1692 1.34037
1.07 3.24674 11.1877 1.34123
1.1 3.24922 11.1916 1.33828
1.11 3.24994 11.2073 1.33797
1.1 3.24467 11.2526 1.34019
1.11 3.24859 11.2176 1.33702
1.12 3.24507 11.2107 1.33818
1.13 3.25491 11.23 1.33404
1.14 3.25036 11.2461 1.33487
1.15 3.2525 11.215 1.33622
1.16 3.24698 11.1882 1.33546
1.19 3.24805 11.1892 1.33892
0.2 3.22986 11.0578 1.37435
0.21 3.21415 10.9222 1.4239
0.22 3.19491 10.788 1.46508
