0.2 3.40421 12.3592 2.20784
0.21 3.41269 12.4376 2.21504
0.22 3.40123 12.3414 2.20402
0.23 3.39306 12.2726 2.19766
0.24 3.39173 12.2554 2.19384
0.25 3.37831 12.1448 2.18089
0.26 3.37587 12.1412 2.1728
0.27 3.36894 12.0762 2.16603
0.28 3.36649 12.045 2.16443
0.29 3.35618 11.9733 2.15122
0.3 3.35812 11.9705 2.15472
0.31 3.34685 11.8781 2.14007
0.32 3.34021 11.8311 2.13366
0.33 3.33729 11.8127 2.13049
0.34 3.32818 11.7434 2.12106
0.35 3.32639 11.72 2.11531
0.36 3.3211 11.672 2.10854
0.37 3.32022 11.6712 2.10662
0.38 3.30966 11.6002 2.10016
0.39 3.31079 11.5923 2.09827
0.4 3.31022 11.591 2.09741
0.41 3.3076 11.5654 2.0917
0.42 3.30181 11.5035 2.08645
0.43 3.30015 11.4984 2.08211
0.44 3.29859 11.4924 2.08325
0.45 3.29503 11.4658 2.07577
0.46 3.29127 11.4355 2.07149
0.47 3.29138 11.4294 2.07028
0.48 3.28617 11.3906 2.06467
0.49 3.28173 11.3481 2.05944
0.5 3.28336 11.3609 2.05922
0.51 3.2803 11.34 2.05528
0.52 3.28112 11.3456 2.05486
0.53 3.27741 11.318 2.04963
0.54 3.27617 11.3044 2.05053
0.55 3.27168 11.2579 2.04639
0.56 3.27352 11.2782 2.04644
0.57 3.26765 11.2287 2.03895
0.58 3.26846 11.2445 2.04344
0.59 3.26357 11.2055 2.03744
0.6 3.26559 11.2127 2.03295
0.61 3.26497 11.2084 2.03001
0.62 3.25801 11.1533 2.0265
0.63 3.25628 11.1429 2.02389
0.64 3.26114 11.1712 2.02954
0.65 3.25756 11.1469 2.0261
0.66 3.25585 11.1423 2.02244
0.67 3.25075 11.1004 2.01482
0.68 3.25325 11.1262 2.01638
0.69 3.2523 11.1094 2.01441
0.7 3.25146 11.1037 2.01672
0.71 3.25192 11.0931 2.01625
0.72 3.24781 11.0773 2.00796
0.73 3.24885 11.0739 2.00856
0.74 3.24302 11.0333 2.00122
0.75 3.24378 11.0346 2.00586
0.76 3.24028 11.01 1.99758
0.77 3.24308 11.0358 2.00326
0.78 3.23893 11.029 1.99628
0.79 3.24565 11.0506 2.00396
0.8 3.23548 10.9745 1.99363
0.81 3.23799 10.9864 1.99828
0.82 3.23921 10.991 1.99596
0.83 3.23808 10.9891 1.99374
0.84 3.23585 10.9684 1.9931
0.85 3.22813 10.9146 1.98883
0.86 3.2314 10.9463 1.99086
0.87 3.23352 10.9487 1.98772
0.88 3.2332 10.9359 1.98727
0.89 3.23768 10.9763 1.98901
0.9 3.2282 10.9154 1.98202
0.91 3.22737 10.911 1.97897
0.92 3.22651 10.9084 1.9823
0.93 3.22682 10.9114 1.98278
0.94 3.22792 10.9095 1.977
0.95 3.23064 10.9228 1.98334
0.96 3.22779 10.8974 1.98053
0.97 3.23041 10.9203 1.98291
0.98 3.22249 10.8972 1.97671
0.99 3.22268 10.8709 1.96807
1 3.22019 10.8531 1.968
1.01 3.22652 10.8918 1.9742
1.02 3.22261 10.8674 1.97158
1.03 3.22065 10.8509 1.97026
1.04 3.21529 10.8274 1.96799
1.05 3.2176 10.8256 1.96752
1.06 3.22063 10.8385 1.97203
1.07 3.22232 10.8518 1.96883
1.08 3.22171 10.8517 1.96807
1.09 3.22173 10.8615 1.97262
1.1 3.21853 10.8193 1.96651
1.11 3.21899 10.8242 1.96875
1.12 3.2173 10.8106 1.96246
1.13 3.21893 11.0391 1.96669
1.14 3.21686 10.8066 1.96427
1.15 3.21459 10.8017 1.9578
1.16 3.21172 10.7693 1.95497
1.17 3.27445 11.2892 2.03903
1.18 3.30734 11.566 2.08077
1.19 3.32006 11.6645 2.09731
