0.21 3.56341 13.8081 2.32504
0.23 3.56421 13.7988 2.32181
0.24 3.54956 13.6647 2.31059
0.25 3.54606 13.6365 2.30326
0.26 3.54507 13.61 2.30172
0.27 3.53089 13.4842 2.28592
0.28 3.51618 13.3624 2.27225
0.29 3.50615 13.2788 2.26363
0.29 3.50188 13.2523 2.25753
0.31 3.49399 13.1763 2.25119
0.32 3.48826 13.1299 2.24144
0.33 3.48333 13.1034 2.2397
0.34 3.47649 13.0446 2.23069
0.35 3.47851 13.0306 2.23055
0.36 3.47196 12.9995 2.2245
0.37 3.46317 12.9104 2.21609
0.38 3.45684 12.8636 2.20682
0.39 3.46387 12.9264 2.21492
0.4 3.44443 12.7626 2.19429
0.41 3.44044 12.7264 2.19076
0.42 3.44639 12.7662 2.1932
0.43 3.43443 12.6669 2.1883
0.44 3.43716 12.6882 2.18575
0.45 3.43285 12.6562 2.18175
0.46 3.42482 12.5845 2.1775
0.47 3.42078 12.5574 2.16738
0.48 3.41621 12.511 2.16277
0.49 3.42136 12.5665 2.16888
0.5 3.40445 12.4205 2.15143
0.51 3.40414 12.4128 2.15277
0.52 3.40735 12.4468 2.1478
0.53 3.41077 12.4683 2.15143
0.54 3.39701 12.3615 2.14565
0.55 3.40004 12.3747 2.14589
0.56 3.40162 12.386 2.14369
0.57 3.39782 12.3683 2.14159
0.58 3.40015 12.3802 2.13676
0.59 3.38565 12.2999 2.12836
0.6 3.39756 12.3572 2.13273
0.61 3.38492 12.2601 2.12321
0.62 3.38555 12.2516 2.1225
0.63 3.37916 12.2064 2.11883
0.64 3.38265 12.2384 2.12113
0.65 3.3833 12.2417 2.11943
0.66 3.37267 12.1579 2.11243
0.67 3.38347 12.2469 2.11793
0.68 3.37603 12.173 2.11201
0.69 3.37 12.139 2.10594
0.7 3.37686 12.179 2.11026
0.71 3.37233 12.1455 2.1041
0.72 3.36661 12.1035 2.10575
0.73 3.35788 12.0393 2.0954
0.74 3.3596 12.0495 2.09344
0.75 3.35793 12.0426 2.09183
0.76 3.36914 12.1045 2.10101
0.77 3.36042 12.0415 2.09266
0.78 3.36039 12.0392 2.09683
0.79 3.35666 12.0143 2.0902
0.8 3.36421 12.0829 2.0913
0.81 3.35679 12.0176 2.08286
0.82 3.35333 11.9797 2.08726
0.83 3.34905 11.9453 2.08492
0.84 3.35683 12.0082 2.08695
0.85 3.34765 11.9419 2.08106
0.86 3.35311 11.9739 2.08283
0.87 3.3474 11.9269 2.07807
0.88 3.35985 12.0401 2.08581
0.89 3.3494 11.961 2.07639
0.9 3.34874 11.9618 2.07872
0.91 3.35208 11.9685 2.0806
0.92 3.34875 11.9495 2.07172
0.93 3.34844 11.9434 2.07798
0.94 3.34647 11.9285 2.06946
0.95 3.34298 11.9139 2.06746
0.96 3.34335 11.899 2.07233
0.97 3.34173 11.8856 2.06649
0.98 3.34699 11.9328 2.07611
0.99 3.34441 11.9054 2.06975
1 3.33864 11.8701 2.0642
1.01 3.3336 11.9247 2.05757
1.02 3.33506 11.8368 2.06212
1.01 3.3324 11.8123 2.05523
1.02 3.34121 11.8814 2.06452
1.03 3.33052 11.7995 2.05744
1.06 3.33776 11.8471 2.06232
1.05 3.33751 11.8445 2.06036
1.06 3.33897 11.8738 2.06002
1.07 3.32956 11.7791 2.05275
1.08 3.32717 11.7841 2.05146
1.09 3.32714 11.7661 2.05302
1.1 3.32922 11.7898 2.05018
1.11 3.33667 11.8372 2.05909
1.12 3.3203 11.7226 2.04682
1.13 3.33081 11.8024 2.05367
1.14 3.3298 11.7746 2.05009
1.15 3.33135 11.795 2.05048
1.16 3.33468 11.8169 2.05363
1.17 3.32897 11.7813 2.05046
1.18 3.3421 11.8887 2.06878
1.19 3.42135 12.5596 2.15826
