0.21 3.18472 10.5359 1.95818
0.22 3.3024 11.4841 2.12893
0.23 3.29522 11.4274 2.12366
0.24 3.28471 11.343 2.11088
0.25 3.28156 11.3179 2.10415
0.26 3.27882 11.2902 2.09986
0.27 3.27156 11.2385 2.08991
0.28 3.25995 11.1488 2.07847
0.29 3.25572 11.1147 2.0712
0.3 3.25458 11.1025 2.07185
0.31 3.25218 11.0841 2.06375
0.32 3.24124 11.0029 2.0566
0.33 3.23687 10.9558 2.04652
0.34 3.23657 10.9571 2.04546
0.35 3.2343 10.9349 2.0418
0.36 3.22751 10.8904 2.03468
0.37 3.22444 10.8632 2.0276
0.38 3.22587 10.8635 2.02521
0.39 3.21487 10.7952 2.0188
0.4 3.21574 10.792 2.01664
0.41 3.21363 10.7854 2.01282
0.42 3.21123 10.7548 2.00945
0.43 3.20876 10.7237 2.00333
0.44 3.20192 10.6815 1.99691
0.45 3.20281 10.6858 2.00058
0.46 3.19901 10.6631 1.99211
0.47 3.19315 10.6224 1.98443
0.48 3.19875 10.6737 1.99187
0.49 3.19281 10.6117 1.98245
0.5 3.18419 10.5534 1.97397
0.51 3.18955 10.5853 1.97804
0.52 3.18353 10.5355 1.97096
0.53 3.18716 10.5571 1.97551
0.54 3.18508 10.5625 1.97207
0.55 3.18048 10.5256 1.96662
0.56 3.18188 10.5414 1.965
0.55 3.17881 10.4965 1.96335
0.56 3.18141 10.5021 1.96007
0.57 3.18041 10.5206 1.96274
0.58 3.17782 10.4816 1.96109
0.61 3.17525 10.4579 1.95436
0.62 3.17332 10.4519 1.95207
0.63 3.16799 10.7471 1.94872
0.64 3.16967 10.4177 1.9497
0.65 3.16795 10.4111 1.94924
0.66 3.16645 10.3987 1.94217
0.67 3.16338 10.3796 1.93853
0.68 3.16695 10.4085 1.94082
0.69 3.16173 10.3663 1.93339
0.7 3.1632 10.375 1.94099
0.71 3.16476 10.3677 1.93516
0.72 3.15953 10.3428 1.93227
0.73 3.1636 10.3612 1.93368
0.74 3.16094 10.3419 1.92956
0.75 3.1576 10.3478 1.92436
0.74 3.15773 10.3206 1.92674
0.75 3.15857 10.3191 1.92942
0.76 3.15552 10.3104 1.91938
0.77 3.1586 10.3193 1.92635
0.78 3.15618 10.302 1.92032
0.79 3.15324 10.3358 1.92153
0.8 3.1567 10.311 1.9233
0.81 3.15438 10.2874 1.91911
0.82 3.15028 10.2699 1.91844
0.83 3.14976 10.2572 1.9125
0.84 3.14911 10.2519 1.9106
0.85 3.14589 10.2466 1.90965
0.86 3.15072 10.2508 1.91415
0.87 3.14913 10.2498 1.91156
0.88 3.14534 10.2277 1.90605
0.89 3.14492 10.2246 1.90763
0.9 3.14727 10.2462 1.90793
0.91 3.14569 10.2233 1.90527
0.92 3.14503 10.2208 1.90798
0.93 3.1426 10.1953 1.90483
0.94 3.14429 10.2096 1.90429
0.95 3.14421 10.2059 1.90021
0.96 3.14743 10.223 1.90963
0.97 3.13443 10.1384 1.88853
0.98 3.14468 10.21 1.9013
0.99 3.13896 10.1813 1.89397
1 3.14178 10.187 1.89624
1.01 3.13834 10.1543 1.89656
1.02 3.13678 10.1492 1.8893
1.03 3.13814 10.1656 1.89431
1.04 3.1428 10.1963 1.8974
1.05 3.14187 10.177 1.89498
1.06 3.1359 10.1462 1.89153
1.07 3.14223 10.1945 1.89505
1.08 3.13389 10.1429 1.88779
1.09 3.13422 10.1265 1.88342
1.12 3.13563 10.1502 1.88494
1.13 3.13377 10.1278 1.88588
1.14 3.1371 10.1525 1.88995
1.15 3.13637 10.1439 1.88731
1.16 3.14018 10.1671 1.89459
1.17 3.13323 10.172 1.88234
1.18 3.13381 10.1216 1.88209
1.19 3.13435 10.126 1.88096
0.2 3.14767 10.2343 1.9005
