MCC  <E>  <E^2>
________________________
1 3.73514 13.9513
2 3.73514 13.9513
3 3.73514 13.9513
4 3.73514 13.9513
5 3.69934 13.6902
6 3.66084 13.4135
7 3.65851 13.3948
8 3.65676 13.3807
9 3.64042 13.2626
10 3.62735 13.1682
11 3.61665 13.0909
12 3.59904 12.9663
13 3.59648 12.947
14 3.60443 13.0041
15 3.60718 13.0233
16 3.60959 13.04
17 3.62146 13.1274
18 3.61986 13.1152
19 3.61843 13.1043
20 3.6179 13.0999
21 3.61742 13.096
22 3.60769 13.0272
23 3.5965 12.9488
24 3.58624 12.877
25 3.57681 12.8109
26 3.5697 12.7606
27 3.56311 12.7141
28 3.557 12.6709
29 3.55036 12.6244
30 3.54416 12.5809
31 3.53588 12.5236
32 3.53063 12.4867
33 3.52159 12.425
34 3.51842 12.4023
35 3.51542 12.3808
36 3.51599 12.3842
37 3.51714 12.3917
38 3.5267 12.462
39 3.53083 12.4911
40 3.5284 12.4736
41 3.5261 12.4569
42 3.51902 12.4086
43 3.52301 12.4368
44 3.52969 12.4852
45 3.53535 12.526
46 3.54511 12.5988
47 3.55446 12.6685
48 3.56342 12.7354
49 3.57201 12.7995
50 3.58026 12.861
51 3.58274 12.8783
52 3.58454 12.8905
53 3.58341 12.8817
54 3.58233 12.8732
55 3.57321 12.8118
56 3.56443 12.7525
57 3.55594 12.6953
58 3.54845 12.6444
59 3.53209 12.5432
60 3.51627 12.4453
61 3.50098 12.3507
62 3.48157 12.2366
63 3.46278 12.1262
64 3.44458 12.0192
65 3.42246 11.8963
66 3.40184 11.7805
67 3.38184 11.6681
68 3.36122 11.5541
69 3.33987 11.4383
70 3.31912 11.3258
71 3.29551 11.2043
72 3.27764 11.1048
73 3.26027 11.0079
74 3.24667 10.9279
75 3.23477 10.856
76 3.23208 10.834
77 3.22945 10.8125
78 3.2269 10.7916
79 3.22444 10.7714
80 3.22204 10.7517
81 3.2197 10.7325
82 3.21741 10.7138
83 3.21518 10.6955
84 3.21301 10.6776
85 3.20485 10.6267
86 3.19591 10.5722
87 3.18244 10.4977
88 3.16916 10.4245
89 3.15618 10.3529
90 3.14348 10.2829
91 3.13106 10.2145
92 3.11892 10.1475
93 3.10703 10.082
94 3.10156 10.0463
95 3.0962 10.0113
96 3.09096 9.97701
97 3.0842 9.9353
98 3.07619 9.88787
99 3.07078 9.85317
100 3.06864 9.83625
101 3.06654 9.81967
102 3.06173 9.78845
103 3.05701 9.75784
104 3.0527 9.72943
105 3.04846 9.70155
106 3.04431 9.6742
107 3.04023 9.64737
108 3.03473 9.61342
109 3.03282 9.59853
110 3.03103 9.5844
111 3.02957 9.5722
112 3.02891 9.56475
113 3.02827 9.55744
114 3.02764 9.55025
115 3.03138 9.57119
116 3.03552 9.59501
117 3.03959 9.61841
118 3.04424 9.64599
119 3.04881 9.67311
120 3.0533 9.69978
121 3.05772 9.72601
122 3.06251 9.755
123 3.06237 9.75109
124 3.06293 9.75155
125 3.06503 9.76202
126 3.0671 9.77231
127 3.06913 9.78245
128 3.07125 9.79317
129 3.07333 9.80373
130 3.07749 9.82876
131 3.08158 9.8534
132 3.08322 9.86117
133 3.08341 9.85966
134 3.08639 9.87664
135 3.08933 9.89336
136 3.09223 9.90983
137 3.09462 9.92286
138 3.09685 9.93483
139 3.0975 9.93645
140 3.09815 9.93805
141 3.10063 9.95192
142 3.10176 9.95669
143 3.10224 9.95741
144 3.10391 9.9658
145 3.10653 9.98083
146 3.10913 9.99565
147 3.11121 10.007
148 3.11454 10.0272
149 3.11784 10.0471
150 3.12108 10.0668
151 3.12429 10.0862
152 3.12745 10.1053
153 3.13057 10.1242
154 3.13381 10.144
155 3.13655 10.1603
156 3.13927 10.1764
157 3.14195 10.1923
158 3.14459 10.208
159 3.1472 10.2235
160 3.14978 10.2388
161 3.15233 10.2539
162 3.15252 10.2531
163 3.15262 10.2519
164 3.15273 10.2506
165 3.15283 10.2494
166 3.15293 10.2482
167 3.15498 10.2599
168 3.157 10.2716
169 3.159 10.2831
170 3.16187 10.3008
171 3.16351 10.3099
172 3.16514 10.3189
173 3.16674 10.3277
174 3.16826 10.336
175 3.16977 10.3443
176 3.17131 10.3527
177 3.1737 10.3673
178 3.17333 10.3633
179 3.17301 10.3596
180 3.17375 10.3628
181 3.17448 10.3659
182 3.17587 10.3735
183 3.17724 10.381
184 3.1786 10.3885
185 3.18226 10.4126
186 3.18587 10.4365
187 3.18945 10.4601
188 3.19298 10.4835
189 3.19528 10.4976
190 3.19773 10.513
191 3.20017 10.5282
192 3.20325 10.5482
193 3.20638 10.5687
194 3.20926 10.5873
195 3.21004 10.5909
196 3.21153 10.5995
197 3.2111 10.5953
198 3.21068 10.5912
199 3.21026 10.5871
200 3.20899 10.5779
201 3.20773 10.5687
202 3.20649 10.5597
203 3.20526 10.5507
204 3.20339 10.5381
205 3.2007 10.521
206 3.19804 10.5041
207 3.19414 10.4809
208 3.18981 10.4558
209 3.18582 10.4324
210 3.18188 10.4092
211 3.17739 10.3835
212 3.17349 10.3606
213 3.17061 10.3427
214 3.16775 10.325
215 3.16401 10.303
216 3.16031 10.2811
217 3.15859 10.2696
218 3.15689 10.2581
219 3.15287 10.235
220 3.1519 10.2277
221 3.15079 10.2197
222 3.1497 10.2117
223 3.14861 10.2038
224 3.14753 10.196
225 3.14712 10.1922
226 3.14675 10.1885
227 3.14637 10.185
228 3.146 10.1814
229 3.14781 10.1923
230 3.15018 10.2073
231 3.15294 10.2252
232 3.15558 10.2422
233 3.1582 10.2591
234 3.16168 10.2828
235 3.16514 10.3062
236 3.16857 10.3295
237 3.17202 10.353
238 3.17544 10.3762
239 3.17847 10.3964
240 3.18147 10.4164
241 3.18421 10.4344
242 3.18692 10.4523
243 3.18961 10.47
244 3.19228 10.4875
245 3.19533 10.5081
246 3.19835 10.5284
247 3.20089 10.545
248 3.2034 10.5614
249 3.2052 10.5726
250 3.20699 10.5837
251 3.20877 10.5947
252 3.21053 10.6056
253 3.21216 10.6156
254 3.21378 10.6254
255 3.21539 10.6353
256 3.21698 10.645
257 3.21805 10.651
258 3.21875 10.6545
259 3.21979 10.6603
260 3.22101 10.6675
261 3.22222 10.6745
262 3.22343 10.6816
263 3.22463 10.6886
264 3.22582 10.6956
265 3.22712 10.7033
266 3.2266 10.6989
267 3.22402 10.6829
268 3.22146 10.6671
269 3.21892 10.6514
270 3.21639 10.6358
271 3.21389 10.6203
272 3.21079 10.602
273 3.20772 10.5837
274 3.20466 10.5656
275 3.20163 10.5476
276 3.19862 10.5298
277 3.19564 10.5121
278 3.19165 10.4899
279 3.18901 10.4739
280 3.18639 10.4581
281 3.18411 10.4439
282 3.18307 10.4365
283 3.18253 10.4321
284 3.18199 10.4277
285 3.18236 10.429
286 3.18272 10.4302
287 3.18307 10.4315
288 3.18097 10.4183
289 3.17929 10.4074
290 3.17763 10.3966
291 3.17516 10.3817
292 3.17356 10.3713
293 3.17191 10.3605
294 3.17026 10.3499
295 3.16862 10.3393
296 3.167 10.3287
297 3.16539 10.3183
298 3.16153 10.2973
299 3.15769 10.2764
300 3.15487 10.26
301 3.1523 10.2447
302 3.14974 10.2296
303 3.14735 10.2152
304 3.14497 10.2009
305 3.14173 10.1827
306 3.13851 10.1646
307 3.13531 10.1467
308 3.13488 10.143
309 3.13452 10.1398
310 3.13417 10.1366
311 3.13393 10.1342
312 3.1337 10.1317
313 3.1329 10.1259
314 3.13225 10.1209
315 3.13246 10.1213
316 3.13247 10.1204
317 3.13341 10.1256
318 3.13486 10.1344
319 3.13474 10.1327
320 3.13463 10.131
321 3.13368 10.1244
322 3.13273 10.1178
323 3.13282 10.1175
324 3.13213 10.1123
325 3.13144 10.1073
326 3.13076 10.1022
327 3.1299 10.0961
328 3.12983 10.0948
329 3.12976 10.0934
330 3.12863 10.0859
331 3.12751 10.0784
332 3.12565 10.067
333 3.12548 10.065
334 3.1253 10.0631
335 3.12572 10.0649
336 3.12613 10.0666
337 3.12503 10.0593
338 3.12572 10.0629
339 3.12668 10.0683
340 3.12764 10.0738
341 3.12859 10.0791
342 3.12953 10.0845
343 3.13047 10.0898
344 3.1314 10.0951
345 3.13245 10.1012
346 3.13226 10.0992
347 3.13206 10.0972
348 3.13203 10.0962
349 3.132 10.0952
350 3.13229 10.0962
351 3.13303 10.1002
352 3.13403 10.106
353 3.13537 10.1142
354 3.13673 10.1226
355 3.13773 10.1284
356 3.13872 10.1342
357 3.14066 10.1469
358 3.14187 10.1543
359 3.14406 10.169
360 3.14637 10.1846
361 3.14868 10.2003
362 3.15044 10.2117
363 3.15219 10.2231
364 3.15397 10.2346
365 3.15573 10.2461
366 3.15748 10.2575
367 3.15868 10.2648
368 3.15988 10.2721
369 3.16107 10.2794
370 3.16179 10.2834
371 3.16216 10.285
372 3.16205 10.2835
373 3.16278 10.2875
374 3.1635 10.2915
375 3.16471 10.299
376 3.16567 10.3047
377 3.16663 10.3104
378 3.16875 10.3247
379 3.17086 10.339
380 3.17203 10.3462
381 3.17293 10.3515
382 3.17383 10.3568
383 3.17397 10.3569
384 3.17406 10.3568
385 3.17416 10.3566
386 3.17425 10.3565
387 3.17434 10.3564
388 3.1752 10.3614
389 3.17606 10.3664
390 3.17662 10.3694
391 3.17718 10.3723
392 3.17862 10.3816
393 3.18005 10.3908
394 3.18148 10.4
395 3.18226 10.4045
396 3.18304 10.409
397 3.18382 10.4135
398 3.18459 10.418
399 3.18537 10.4224
400 3.18665 10.4305
401 3.18792 10.4386
402 3.18918 10.4466
403 3.18964 10.449
404 3.19052 10.4542
405 3.1914 10.4594
406 3.19139 10.4587
407 3.19138 10.458
408 3.19089 10.4543
409 3.19114 10.4552
410 3.19123 10.4551
411 3.19127 10.4548
412 3.19132 10.4544
413 3.19137 10.4541
414 3.19036 10.4474
415 3.18937 10.4408
416 3.18837 10.4342
417 3.18738 10.4277
418 3.1864 10.4212
419 3.18501 10.4125
420 3.18381 10.4048
421 3.18228 10.3954
422 3.17963 10.3809
423 3.177 10.3665
424 3.17285 10.3467
425 3.16842 10.3263
426 3.16426 10.3066
427 3.15988 10.2864
428 3.15558 10.2665
429 3.1513 10.2466
430 3.14704 10.2268
431 3.1428 10.2071
432 3.13857 10.1875
433 3.13437 10.168
434 3.13019 10.1486
435 3.12603 10.1293
436 3.12189 10.11
437 3.11875 10.0939
438 3.11693 10.0832
439 3.11512 10.0725
440 3.11331 10.0618
441 3.11174 10.0523
442 3.10946 10.0395
443 3.10718 10.0269
444 3.10492 10.0142
445 3.10424 10.0094
446 3.10394 10.0067
447 3.10431 10.0082
448 3.10467 10.0097
449 3.10502 10.0111
450 3.10536 10.0125
451 3.10584 10.0147
452 3.10643 10.0178
453 3.10703 10.0208
454 3.10762 10.0238
455 3.10802 10.0256
456 3.1069 10.0184
457 3.10587 10.0116
458 3.1064 10.0143
459 3.10691 10.0168
460 3.10743 10.0193
461 3.10763 10.0199
462 3.10777 10.02
463 3.10828 10.0224
464 3.10878 10.0249
465 3.10928 10.0273
466 3.10977 10.0297
467 3.10981 10.0292
468 3.10984 10.0286
469 3.10987 10.028
470 3.11094 10.0345
471 3.11157 10.0378
472 3.11202 10.04
473 3.11223 10.0406
474 3.11245 10.0412
475 3.11267 10.0418
476 3.11406 10.0507
477 3.11545 10.0595
478 3.11692 10.069
479 3.11813 10.0765
480 3.11902 10.0817
481 3.11912 10.0816
482 3.1193 10.082
483 3.11948 10.0824
484 3.11966 10.0828
485 3.11984 10.0832
486 3.12001 10.0836
487 3.12026 10.0844
488 3.1205 10.0852
489 3.12074 10.0861
490 3.12106 10.0874
491 3.12139 10.0888
492 3.12171 10.0901
493 3.12202 10.0915
494 3.12275 10.0956
495 3.12348 10.0997
496 3.12354 10.0994
497 3.12408 10.1022
498 3.12461 10.105
499 3.12514 10.1077
500 3.12567 10.1105
501 3.12593 10.1115
502 3.12572 10.1095
503 3.12551 10.1075
504 3.1253 10.1056
505 3.12518 10.1042
506 3.12599 10.1089
507 3.12636 10.1106
508 3.12672 10.1123
509 3.12709 10.114
510 3.12742 10.1154
511 3.12765 10.1163
512 3.12789 10.1171
513 3.12828 10.119
514 3.12915 10.1242
515 3.13001 10.1293
516 3.13087 10.1344
517 3.13173 10.1396
518 3.13258 10.1447
519 3.13344 10.1497
520 3.13434 10.1552
521 3.13494 10.1585
522 3.13448 10.1551
523 3.13402 10.1517
524 3.13287 10.1445
525 3.13257 10.1421
526 3.13228 10.1397
527 3.13316 10.145
528 3.13403 10.1502
529 3.13469 10.1539
530 3.13511 10.156
531 3.13552 10.1581
532 3.13594 10.1602
533 3.13695 10.1664
534 3.13803 10.1732
535 3.13932 10.1816
536 3.1406 10.19
537 3.14189 10.1983
538 3.14227 10.2002
539 3.14275 10.2027
540 3.14291 10.2032
541 3.14284 10.2021
542 3.14358 10.2065
543 3.14436 10.2111
544 3.14412 10.209
545 3.14388 10.2069
546 3.14364 10.2048
547 3.14294 10.2001
548 3.14323 10.2014
549 3.14402 10.2061
550 3.14454 10.209
551 3.14505 10.2118
552 3.14557 10.2146
553 3.14566 10.2146
554 3.14576 10.2146
555 3.14585 10.2147
556 3.14558 10.2124
557 3.14532 10.2102
558 3.1454 10.2102
559 3.14549 10.2102
560 3.14669 10.218
561 3.14788 10.2257
562 3.14899 10.2328
563 3.15009 10.2399
564 3.15147 10.2491
565 3.15275 10.2575
566 3.15416 10.2669
567 3.15556 10.2763
568 3.15695 10.2857
569 3.15814 10.2934
570 3.15933 10.3011
571 3.16051 10.3088
572 3.16167 10.3164
573 3.16275 10.3234
574 3.16345 10.3275
575 3.16447 10.334
576 3.16549 10.3405
577 3.1667 10.3484
578 3.16755 10.3537
579 3.16852 10.3598
580 3.16948 10.3659
581 3.17056 10.3728
582 3.17181 10.3812
583 3.17284 10.3878
584 3.17388 10.3944
585 3.17491 10.4011
586 3.17606 10.4085
587 3.17719 10.416
588 3.17823 10.4227
589 3.17843 10.4234
590 3.17862 10.4241
591 3.17881 10.4248
592 3.17946 10.4286
593 3.18011 10.4325
594 3.18087 10.4371
595 3.18162 10.4417
596 3.18221 10.4451
597 3.18254 10.4467
598 3.18288 10.4484
599 3.18292 10.4482
600 3.18373 10.4531
601 3.18457 10.4584
602 3.18545 10.464
603 3.18599 10.467
604 3.18596 10.4664
605 3.18594 10.4657
606 3.18591 10.465
607 3.18567 10.463
608 3.18533 10.4604
609 3.18513 10.4586
610 3.18492 10.4567
611 3.18498 10.4566
612 3.18466 10.4542
613 3.18377 10.4484
614 3.18287 10.4427
615 3.18255 10.4402
616 3.18223 10.4378
617 3.18165 10.4338
618 3.18108 10.4298
619 3.18084 10.4278
620 3.1806 10.4258
621 3.18062 10.4255
622 3.18 10.4213
623 3.17939 10.4171
624 3.17878 10.413
625 3.17817 10.4088
626 3.17756 10.4047
627 3.17739 10.4032
628 3.17577 10.394
629 3.17492 10.3886
630 3.17406 10.3831
631 3.17383 10.3812
632 3.17402 10.3819
633 3.17421 10.3827
634 3.1744 10.3834
635 3.17434 10.3826
636 3.17467 10.3842
637 3.1753 10.388
638 3.17594 10.3918
639 3.17565 10.3896
640 3.17614 10.3924
641 3.17587 10.3902
642 3.17559 10.388
643 3.17559 10.3876
644 3.17576 10.3882
645 3.176 10.3893
646 3.17656 10.3926
647 3.17712 10.3959
648 3.17768 10.3991
649 3.17823 10.4024
650 3.17878 10.4056
651 3.17954 10.4103
652 3.18029 10.415
653 3.18069 10.4173
654 3.18111 10.4196
655 3.18168 10.423
656 3.18225 10.4263
657 3.18281 10.4297
658 3.18353 10.4341
659 3.18454 10.4408
660 3.18531 10.4456
661 3.18514 10.4441
662 3.18503 10.4429
663 3.18496 10.442
664 3.18453 10.439
665 3.18409 10.4359
666 3.18449 10.438
667 3.18524 10.4428
668 3.18599 10.4475
669 3.18673 10.4521
670 3.18748 10.4568
671 3.18822 10.4615
672 3.18896 10.4661
673 3.18959 10.47
674 3.19014 10.4733
675 3.19048 10.475
676 3.19081 10.4768
677 3.1904 10.4738
678 3.18999 10.4709
679 3.18958 10.4679
680 3.18917 10.465
681 3.18876 10.4621
682 3.18836 10.4592
683 3.18785 10.4557
684 3.18735 10.4522
685 3.18698 10.4496
686 3.18661 10.4469
687 3.18633 10.4448
688 3.18605 10.4426
689 3.1857 10.44
690 3.18568 10.4395
691 3.18566 10.4389
692 3.18564 10.4384
693 3.18641 10.4432
694 3.18716 10.448
695 3.18809 10.4541
696 3.18888 10.4591
697 3.18933 10.4618
698 3.18978 10.4644
699 3.19013 10.4663
700 3.19058 10.4689
701 3.19103 10.4715
702 3.19148 10.4741
703 3.19192 10.4766
704 3.19237 10.4792
705 3.19311 10.4839
706 3.1939 10.489
707 3.1947 10.4941
708 3.19465 10.4934
709 3.19438 10.4913
710 3.19356 10.4862
711 3.19274 10.481
712 3.19278 10.4809
713 3.19282 10.4807
714 3.19302 10.4816
715 3.19322 10.4825
716 3.19342 10.4834
717 3.19362 10.4843
718 3.19382 10.4852
719 3.19457 10.4901
720 3.19532 10.4949
721 3.19597 10.4989
722 3.19678 10.5042
723 3.1972 10.5066
724 3.19785 10.5107
725 3.19849 10.5146
726 3.1989 10.517
727 3.19954 10.521
728 3.1995 10.5204
729 3.19898 10.5169
730 3.19847 10.5134
731 3.19795 10.5099
732 3.19744 10.5064
733 3.19733 10.5053
734 3.19731 10.5048
735 3.19714 10.5034
736 3.1974 10.5047
737 3.19749 10.5049
738 3.19765 10.5055
739 3.1978 10.5062
740 3.19786 10.5062
741 3.19713 10.5015
742 3.19639 10.4968
743 3.19628 10.4957
744 3.19606 10.494
745 3.19537 10.4896
746 3.19517 10.4879
747 3.19559 10.4904
748 3.196 10.4928
749 3.19642 10.4952
750 3.19682 10.4975
751 3.19725 10.5
752 3.19767 10.5025
753 3.19827 10.5062
754 3.19854 10.5076
755 3.19856 10.5074
756 3.19821 10.5049
757 3.19724 10.499
758 3.19531 10.4891
759 3.19353 10.4798
760 3.19176 10.4705
761 3.18999 10.4612
762 3.18826 10.4521
763 3.18571 10.4404
764 3.18318 10.4288
765 3.18065 10.4172
766 3.17812 10.4056
767 3.17561 10.3941
768 3.17353 10.3838
769 3.17147 10.3736
770 3.1694 10.3634
771 3.16734 10.3532
772 3.16529 10.343
773 3.16387 10.3351
774 3.16267 10.3282
775 3.16171 10.3225
776 3.16076 10.3167
777 3.15966 10.3103
778 3.15879 10.305
779 3.15836 10.302
780 3.15749 10.2966
781 3.1563 10.2898
782 3.15512 10.2831
783 3.15401 10.2766
784 3.1529 10.2701
785 3.15179 10.2637
786 3.15069 10.2573
787 3.1501 10.2534
788 3.14951 10.2496
789 3.14867 10.2444
790 3.14804 10.2403
791 3.14758 10.2372
792 3.14708 10.2338
793 3.14658 10.2305
794 3.14562 10.2247
795 3.14466 10.219
796 3.14371 10.2133
797 3.14276 10.2077
798 3.14181 10.202
799 3.14061 10.1952
800 3.13942 10.1884
801 3.13802 10.1808
802 3.13662 10.1732
803 3.13511 10.1651
804 3.13361 10.1571
805 3.13211 10.1491
806 3.13038 10.1403
807 3.12866 10.1315
808 3.12743 10.1245
809 3.12619 10.1176
810 3.12498 10.1108
811 3.12378 10.104
812 3.12327 10.1006
813 3.12276 10.0972
814 3.122 10.0925
815 3.12156 10.0895
816 3.1219 10.0913
817 3.12222 10.093
818 3.12166 10.0893
819 3.12133 10.0869
820 3.12053 10.0821
821 3.11987 10.0779
822 3.11933 10.0743
823 3.11973 10.0765
824 3.11986 10.0769
825 3.12004 10.0777
826 3.12023 10.0784
827 3.12041 10.0792
828 3.1206 10.08
829 3.12114 10.0832
830 3.12173 10.0867
831 3.12222 10.0896
832 3.12179 10.0867
833 3.12136 10.0837
834 3.12093 10.0808
835 3.1205 10.0778
836 3.1205 10.0775
837 3.12045 10.0767
838 3.12056 10.077
839 3.12067 10.0773
840 3.12073 10.0773
841 3.1208 10.0773
842 3.12048 10.075
843 3.12015 10.0727
844 3.11959 10.069
845 3.11901 10.0653
846 3.11853 10.0621
847 3.11852 10.0616
848 3.11859 10.0617
849 3.11886 10.063
850 3.11954 10.0673
851 3.12023 10.0716
852 3.12091 10.0759
853 3.1216 10.0801
854 3.1219 10.0817
855 3.12221 10.0833
856 3.12251 10.0849
857 3.12296 10.0875
858 3.12385 10.0934
859 3.12461 10.0982
860 3.12536 10.103
861 3.12598 10.1068
862 3.12661 10.1107
863 3.12688 10.112
864 3.12714 10.1134
865 3.12744 10.1149
866 3.12773 10.1164
867 3.12803 10.118
868 3.12819 10.1186
869 3.12835 10.1193
870 3.12878 10.1217
871 3.1292 10.1241
872 3.12902 10.1226
873 3.12942 10.1249
874 3.12986 10.1275
875 3.1303 10.13
876 3.1307 10.1323
877 3.1311 10.1346
878 3.13151 10.1368
879 3.13191 10.1391
880 3.13239 10.142
881 3.13299 10.1457
882 3.13335 10.1476
883 3.13385 10.1507
884 3.13436 10.1537
885 3.13487 10.1567
886 3.13444 10.1538
887 3.13401 10.1509
888 3.13371 10.1488
889 3.13296 10.1442
890 3.1322 10.1396
891 3.13161 10.1358
892 3.13102 10.1321
893 3.13096 10.1314
894 3.13093 10.1308
895 3.13102 10.131
896 3.1311 10.1312
897 3.13119 10.1313
898 3.13163 10.1339
899 3.13208 10.1365
900 3.13252 10.1391
901 3.13271 10.14
902 3.13325 10.1433
903 3.13403 10.1483
904 3.13464 10.1522
905 3.13503 10.1544
906 3.13542 10.1565
907 3.1358 10.1587
908 3.13618 10.1609
909 3.13657 10.1631
910 3.13693 10.1651
911 3.13704 10.1655
912 3.13715 10.1658
913 3.13726 10.1662
914 3.13795 10.1706
915 3.13838 10.1731
916 3.13886 10.176
917 3.13939 10.1792
918 3.14018 10.1844
919 3.14102 10.19
920 3.14186 10.1956
921 3.14271 10.2012
922 3.14356 10.2068
923 3.14439 10.2123
924 3.14521 10.2178
925 3.14606 10.2234
926 3.1469 10.2291
927 3.14786 10.2356
928 3.14871 10.2412
929 3.14956 10.2469
930 3.15032 10.2519
931 3.15109 10.2569
932 3.15164 10.2604
933 3.15178 10.2609
934 3.15191 10.2614
935 3.15204 10.2619
936 3.15218 10.2624
937 3.15248 10.264
938 3.15279 10.2657
939 3.15309 10.2674
940 3.1534 10.2691
941 3.15371 10.2708
942 3.15402 10.2724
943 3.15432 10.2741
944 3.15463 10.2758
945 3.15493 10.2774
946 3.15526 10.2792
947 3.15556 10.2809
948 3.15502 10.2774
949 3.15448 10.274
950 3.15394 10.2705
951 3.15341 10.2671
952 3.15287 10.2636
953 3.15235 10.2603
954 3.15181 10.2568
955 3.15127 10.2533
956 3.15003 10.2466
957 3.14879 10.24
958 3.14755 10.2333
959 3.14631 10.2266
960 3.14507 10.22
961 3.14384 10.2133
962 3.14259 10.2066
963 3.14134 10.1999
964 3.14009 10.1932
965 3.13844 10.1852
966 3.13662 10.1766
967 3.13481 10.168
968 3.13345 10.161
969 3.1321 10.1539
970 3.13075 10.1469
971 3.1294 10.1398
972 3.12806 10.1328
973 3.12645 10.1249
974 3.12485 10.117
975 3.12325 10.1092
976 3.12168 10.1014
977 3.12011 10.0937
978 3.11854 10.0859
979 3.11698 10.0782
980 3.11543 10.0705
981 3.11387 10.0628
982 3.11257 10.056
983 3.11127 10.0492
984 3.10998 10.0424
985 3.10869 10.0357
986 3.1075 10.0293
987 3.10632 10.023
988 3.10514 10.0166
989 3.10379 10.0097
990 3.10318 10.0059
991 3.10259 10.0021
992 3.10168 9.99695
993 3.10077 9.99177
994 3.09984 9.98645
995 3.09836 9.9791
996 3.09689 9.97175
997 3.09542 9.96442
998 3.09393 9.95701
999 3.09297 9.95164
1000 3.09209 9.94657
