0.22 3.04779 9.50674 1.71787
0.22 3.04394 9.49445 1.70974
0.23 3.0441 9.4753 1.70876
0.24 3.0442 9.46339 1.70289
0.25 3.04313 9.45578 1.69701
0.26 3.0412 9.4393 1.69091
0.27 3.03783 9.42582 1.68614
0.28 3.04041 9.44197 1.68718
0.29 3.03867 9.42163 1.67932
0.3 3.03598 9.40622 1.67239
0.31 3.03661 9.4108 1.67286
0.32 3.03693 9.41488 1.66883
0.33 3.03454 9.39386 1.66334
0.34 3.03493 9.39502 1.65916
0.35 3.0356 9.39912 1.65707
0.36 3.03197 9.36997 1.65224
0.37 3.03245 9.40973 1.65256
0.39 3.03162 9.38092 1.64923
0.39 3.0321 9.40779 1.64969
0.4 3.03246 9.38678 1.64137
0.42 3.03115 9.36507 1.63508
0.42 3.03242 9.35852 1.6331
0.43 3.02934 9.36983 1.63231
0.44 3.03214 9.36664 1.6357
0.45 3.03047 9.35219 1.62857
0.46 3.02993 9.36964 1.63001
0.47 3.02776 9.33364 1.62242
0.49 3.02744 9.33973 1.62343
0.5 3.02711 9.33332 1.62365
0.5 3.02732 9.34579 1.61545
0.51 3.02727 9.33711 1.61977
0.52 3.02857 9.33992 1.6121
0.53 3.0278 9.333 1.60622
0.54 3.0277 9.34258 1.60768
0.55 3.02869 9.34865 1.60893
0.56 3.02895 9.32735 1.60631
0.57 3.02641 9.30994 1.60563
0.58 3.0287 9.33124 1.60481
0.59 3.02549 9.30989 1.60144
0.6 3.02763 9.33289 1.59817
0.61 3.0264 9.33065 1.59481
0.62 3.02481 9.31638 1.59347
0.63 3.02636 9.31708 1.59755
0.64 3.02557 9.31795 1.59137
0.65 3.02525 9.3162 1.58729
0.66 3.0257 9.37846 1.59058
0.67 3.02485 9.34979 1.5872
0.68 3.02411 9.3002 1.58423
0.69 3.02639 9.31289 1.5831
0.7 3.02514 9.30204 1.58631
0.71 3.02282 9.29779 1.58405
0.72 3.02593 9.39023 1.58115
0.73 3.0242 9.30143 1.58436
0.74 3.02364 9.30314 1.57852
0.75 3.02433 9.30461 1.57815
0.76 3.02602 9.30401 1.56967
0.78 3.0246 9.30685 1.5739
0.78 3.02426 9.29529 1.57711
0.79 3.02384 9.28692 1.57476
0.8 3.02559 9.3109 1.56786
0.81 3.02596 9.30382 1.57071
0.82 3.02505 9.31674 1.56887
0.83 3.02616 9.2895 1.57031
0.84 3.02492 9.2889 1.56767
0.85 3.02336 9.30289 1.56664
0.86 3.02432 9.28741 1.56813
0.87 3.02563 9.30365 1.56103
0.89 3.02253 9.28554 1.56285
0.9 3.02787 9.31307 1.55818
0.91 3.02507 9.30113 1.55786
0.91 3.02369 9.28333 1.55952
0.92 3.02482 9.28405 1.56023
0.93 3.02443 9.29534 1.55762
0.94 3.02564 9.28275 1.56327
0.95 3.02357 9.2852 1.5555
0.96 3.0219 9.3027 1.55653
0.97 3.0253 9.2996 1.55408
0.98 3.02415 9.28141 1.55191
0.99 3.02562 9.28858 1.55592
1 3.02323 9.27216 1.55473
1.01 3.02329 9.28837 1.55553
1.03 3.02632 9.28868 1.5483
1.04 3.02415 9.28497 1.55445
1.05 3.02355 9.29619 1.55333
1.06 3.02519 9.27792 1.54866
1.07 3.02566 9.28678 1.54856
1.08 3.02458 9.28707 1.5495
1.09 3.02557 9.2802 1.54443
1.1 3.02513 9.30205 1.5477
1.1 3.02519 9.27391 1.54853
1.12 3.0235 9.2828 1.54824
1.13 3.02385 9.35399 1.54869
1.14 3.02517 9.28913 1.54699
1.15 3.02364 9.2907 1.54913
1.16 3.02351 9.30078 1.54535
1.16 3.02603 9.29453 1.54199
1.18 3.02513 9.28503 1.54357
1.18 3.02526 9.27508 1.54032
1.19 3.02994 9.35169 1.59475
0.2 3.03449 9.38488 1.62471
