1.19 3.02298 9.24947 1.66894
0.2 3.03957 9.4213 1.72999
0.21 3.05912 9.57193 1.80183
0.22 3.05612 9.53596 1.7959
0.23 3.05434 9.52075 1.79212
0.24 3.05208 9.50513 1.78181
0.25 3.05004 9.48546 1.78261
0.26 3.04855 9.47776 1.77748
0.27 3.04703 9.47012 1.77069
0.28 3.04496 9.44299 1.76445
0.29 3.04365 9.44029 1.75756
0.3 3.03945 9.41388 1.75203
0.31 3.03924 9.43378 1.75022
0.32 3.03924 9.44137 1.74821
0.33 3.03628 9.40323 1.74146
0.34 3.03557 9.38816 1.73705
0.35 3.03404 9.3818 1.7322
0.36 3.03301 9.38464 1.73148
0.37 3.03202 9.3509 1.72538
0.38 3.03194 9.35003 1.72412
0.39 3.03178 9.34952 1.73127
0.4 3.03081 9.32555 1.7193
0.41 3.02605 9.33188 1.70887
0.42 3.02631 9.32712 1.70972
0.43 3.02592 9.31482 1.71191
0.44 3.02437 9.3765 1.70324
0.45 3.02642 9.29435 1.70496
0.46 3.02413 9.28906 1.6993
0.47 3.0234 9.28203 1.70051
0.48 3.02286 9.2738 1.69806
0.49 3.02183 9.2863 1.69708
0.5 3.02256 9.27066 1.69675
0.51 3.02088 9.26232 1.69108
0.52 3.0208 9.25525 1.68524
0.53 3.02051 9.257 1.684
0.55 3.0206 9.25859 1.68113
0.56 3.02133 9.25051 1.68658
0.56 3.01868 9.24248 1.67678
0.57 3.01709 9.23613 1.67652
0.58 3.01787 9.30085 1.67651
0.59 3.01599 9.23624 1.67076
0.6 3.01689 9.22199 1.66944
0.61 3.01674 9.23324 1.67225
0.62 3.01692 9.2367 1.66957
0.63 3.01516 9.21994 1.66636
0.64 3.01508 9.20911 1.66651
0.65 3.01527 9.23724 1.66042
0.66 3.01405 9.19725 1.66153
0.67 3.01317 9.21771 1.66036
0.68 3.0146 9.22205 1.66353
0.69 3.0148 9.20016 1.66126
0.7 3.01455 9.1972 1.65704
0.71 3.01406 9.18859 1.64877
0.72 3.01337 9.18644 1.652
0.73 3.01291 9.18421 1.65185
0.74 3.01218 9.18499 1.64874
0.76 3.01278 9.17994 1.64616
0.77 3.01149 9.17574 1.6458
0.78 3.00961 9.41029 1.64428
0.78 3.01158 9.17649 1.64387
0.8 3.01037 9.16487 1.64407
0.81 3.0109 9.20215 1.64044
0.82 3.011 9.1895 1.64204
0.83 3.01147 9.17949 1.647
0.84 3.01061 9.16913 1.64169
0.85 3.01109 9.1615 1.64107
0.86 3.01025 9.16379 1.64432
0.87 3.01019 9.16102 1.63387
0.88 3.00946 9.15291 1.63278
0.89 3.01078 9.15544 1.63675
0.9 3.00983 9.15144 1.63555
0.91 3.00968 9.15673 1.63026
0.92 3.00966 9.16059 1.63531
0.93 3.01005 9.1427 1.63311
0.94 3.00958 9.16434 1.62866
0.95 3.00903 9.14347 1.62735
0.96 3.00855 9.15571 1.62804
0.97 3.00889 9.14174 1.62647
0.98 3.00891 9.14589 1.62605
0.99 3.00876 9.14222 1.63238
1 3.00944 9.13822 1.62974
1.01 3.00854 9.15047 1.62779
1.02 3.00747 9.16965 1.62241
1.03 3.00818 9.1388 1.62769
1.04 3.00765 9.13432 1.62393
1.05 3.0081 9.14015 1.62529
1.06 3.00819 9.12987 1.62182
1.07 3.00768 9.13911 1.61896
1.08 3.00807 9.13141 1.61883
1.09 3.00779 9.13859 1.6208
1.1 3.00748 9.12995 1.61783
1.1 3.00748 9.12777 1.61925
1.12 3.00601 9.17937 1.61748
1.13 3.00797 9.13105 1.61924
1.14 3.00688 9.12886 1.6155
1.15 3.00673 9.13666 1.6157
1.16 3.00704 9.12343 1.61607
1.17 3.00733 9.12994 1.61388
1.18 3.00667 9.13146 1.61647
1.19 3.00758 9.12654 1.60788
