0.21 3.05044 9.52871 1.69733
0.22 3.04953 9.50885 1.69186
0.23 3.0491 9.50651 1.68526
0.24 3.0455 9.48905 1.6864
0.27 3.04481 9.48032 1.67413
0.26 3.0453 9.4758 1.6699
0.29 3.04377 9.47329 1.66666
0.3 3.04297 9.47483 1.65796
0.31 3.04282 9.45925 1.65474
0.32 3.04255 9.45711 1.65106
0.33 3.04134 9.45896 1.64943
0.34 3.04123 9.44341 1.64408
0.35 3.04003 9.44143 1.63704
0.36 3.04021 9.44245 1.63757
0.37 3.03844 9.42904 1.63306
0.38 3.0395 9.45204 1.62613
0.39 3.03777 9.41918 1.62541
0.4 3.03779 9.44512 1.62184
0.41 3.03728 9.42231 1.62028
0.42 3.03644 9.40726 1.62165
0.43 3.03573 9.42215 1.61309
0.44 3.03527 9.41551 1.61246
0.45 3.03606 9.40028 1.61153
0.46 3.03731 9.40653 1.60246
0.47 3.03523 9.4381 1.60384
0.48 3.03507 9.41299 1.59852
0.49 3.03559 9.39933 1.60435
0.5 3.03436 9.39723 1.59703
0.51 3.03477 9.40198 1.59417
0.52 3.03278 9.38435 1.5937
0.53 3.03447 9.40672 1.5917
0.54 3.03455 9.38574 1.58789
0.55 3.03419 9.39309 1.58974
0.56 3.03384 9.38227 1.5828
0.57 3.03508 9.39225 1.58163
0.58 3.03466 9.38598 1.58407
0.59 3.03491 9.39043 1.58173
0.6 3.03225 9.38149 1.57622
0.59 3.03295 9.38514 1.57974
0.6 3.03363 9.37715 1.57411
0.61 3.03586 9.39513 1.57
0.64 3.03258 9.44226 1.57055
0.65 3.03143 9.41145 1.57083
0.66 3.03294 9.37144 1.57059
0.65 3.0317 9.39031 1.56841
0.66 3.03294 9.37259 1.56594
0.67 3.03362 9.46749 1.5652
0.68 3.03157 9.35582 1.56193
0.69 3.03052 9.35352 1.56663
0.7 3.03253 9.37397 1.56032
0.71 3.03435 9.38521 1.55847
0.74 3.03479 9.39143 1.56144
0.75 3.03428 9.37873 1.56214
0.76 3.03261 9.36638 1.55723
0.75 3.03129 9.37382 1.55416
0.76 3.03256 9.37124 1.55505
0.79 3.03395 9.37195 1.55572
0.8 3.03219 9.35763 1.55363
0.81 3.03227 9.35485 1.55315
0.8 3.03403 9.37056 1.54763
0.83 3.03278 9.35871 1.54821
0.84 3.03336 9.36215 1.54654
0.83 3.03416 9.35683 1.54793
0.86 3.03223 9.37083 1.54463
0.87 3.03316 9.39753 1.54544
0.86 3.03341 9.37643 1.54235
0.87 3.03545 9.37275 1.54515
0.88 3.03563 9.38199 1.53765
0.89 3.03203 9.43932 1.5439
0.9 3.03289 9.35356 1.5446
0.91 3.03415 9.38584 1.54017
0.92 3.03345 9.37001 1.53989
0.93 3.03278 9.35954 1.53862
0.94 3.03405 9.37798 1.53526
0.95 3.03345 9.35418 1.53401
0.96 3.03337 9.36583 1.53873
0.97 3.0348 9.36655 1.53475
0.98 3.03289 9.3878 1.53249
0.99 3.0348 9.37692 1.53265
1 3.03384 9.36484 1.53083
1.01 3.03406 9.35584 1.53265
1.04 3.03301 9.35087 1.53419
1.05 3.03315 9.3603 1.52961
1.06 3.03048 9.34645 1.5342
1.07 3.03026 9.34861 1.53361
1.08 3.03391 9.38315 1.5301
1.09 3.03109 9.33877 1.53184
1.08 3.03279 9.50497 1.52914
1.09 3.03308 9.35563 1.52785
1.12 3.03493 9.35676 1.52227
1.13 3.03225 9.3536 1.5244
1.14 3.03428 9.37794 1.52774
1.15 3.03409 9.38427 1.52375
1.16 3.03315 9.36992 1.52423
1.17 3.03355 9.34955 1.52258
1.18 3.03509 9.38275 1.52001
1.17 3.03587 9.37427 1.51972
1.18 3.03584 9.41213 1.55216
1.19 3.0437 9.45464 1.62476
0.2 3.04739 9.49701 1.68198
