0.21 3.05049 9.52559 1.67638
0.24 3.04854 9.57967 1.67418
0.25 3.05004 9.5191 1.67054
0.26 3.04949 9.52578 1.66469
0.27 3.04647 9.49071 1.65926
0.28 3.04469 9.48536 1.6582
0.29 3.04526 9.50465 1.65157
0.3 3.04441 9.50173 1.64673
0.31 3.04366 9.463 1.64854
0.32 3.0424 9.47416 1.6431
0.33 3.04155 9.47156 1.63823
0.34 3.04343 9.46376 1.63149
0.35 3.04325 9.46209 1.63165
0.36 3.03937 9.44935 1.62811
0.37 3.03855 9.43768 1.6267
0.38 3.03995 9.4466 1.62352
0.39 3.03936 9.46286 1.62179
0.4 3.03924 9.43645 1.61422
0.39 3.04006 9.43372 1.6138
0.4 3.03975 9.46399 1.61126
0.43 3.03899 9.44304 1.60413
0.44 3.03743 9.43336 1.602
0.45 3.03997 9.44018 1.60284
0.46 3.03735 9.4225 1.60265
0.47 3.03864 9.41499 1.59882
0.48 3.04142 9.43392 1.59033
0.49 3.03575 9.41096 1.59105
0.5 3.03767 9.4295 1.59511
0.51 3.03549 9.54008 1.58106
0.52 3.03663 9.41779 1.59029
0.51 3.03718 9.42054 1.58436
0.52 3.03651 9.41708 1.58231
0.53 3.03578 9.40005 1.57982
0.54 3.0337 9.39389 1.57663
0.55 3.03934 9.41571 1.57645
0.56 3.03797 9.40499 1.57355
0.57 3.0385 9.41343 1.57102
0.58 3.03538 9.39706 1.56929
0.59 3.03629 9.42701 1.56648
0.6 3.03597 9.39745 1.57036
0.61 3.03876 9.44772 1.56406
0.62 3.03785 9.40408 1.56647
0.63 3.03709 9.41037 1.56583
0.64 3.03508 9.41652 1.55723
0.65 3.03571 9.39395 1.5589
0.66 3.0369 9.41347 1.562
0.67 3.0381 9.40369 1.55835
0.68 3.03634 9.49479 1.55678
0.69 3.03621 9.39906 1.55149
0.72 3.03637 9.40461 1.55443
0.73 3.03682 9.4118 1.54968
0.74 3.0376 9.39501 1.54819
0.75 3.03716 9.40062 1.54822
0.76 3.03622 9.39036 1.54697
0.77 3.0356 9.38873 1.54919
0.78 3.03645 9.4085 1.54436
0.79 3.03482 9.38408 1.5485
0.8 3.03882 9.40641 1.54196
0.81 3.03651 9.38341 1.54156
0.82 3.03672 9.38788 1.54016
0.83 3.03815 9.40587 1.53817
0.84 3.03677 9.38695 1.54228
0.85 3.0347 9.37339 1.54104
0.86 3.03579 9.38569 1.54321
0.87 3.03896 9.39952 1.53478
0.88 3.03627 9.3891 1.54005
0.89 3.03832 9.40589 1.53354
0.9 3.03769 9.38908 1.53185
0.91 3.03462 9.4096 1.53389
0.92 3.03553 9.38286 1.53672
0.93 3.03764 9.3963 1.52923
0.94 3.03768 9.39519 1.53497
0.95 3.03412 9.38959 1.52968
0.96 3.0357 9.37339 1.5333
0.97 3.03628 9.39287 1.52679
0.98 3.03867 9.39162 1.52852
0.99 3.03642 9.38074 1.52798
1 3.03808 9.38857 1.52504
1.01 3.03489 9.38452 1.53186
1.02 3.03586 9.38412 1.52464
1.03 3.03463 9.37166 1.53466
1.04 3.03647 9.39006 1.52403
1.05 3.03495 9.39641 1.52557
1.06 3.03767 9.40887 1.52445
1.07 3.03684 9.41931 1.52263
1.08 3.03471 9.36831 1.52999
1.09 3.03766 9.40398 1.52586
1.1 3.03544 9.36589 1.52601
1.11 3.0387 9.38325 1.52287
1.1 3.03605 9.3829 1.52239
1.11 3.03836 9.38451 1.52124
1.12 3.03612 9.38491 1.51921
1.13 3.0368 9.37023 1.52044
1.14 3.03833 9.39537 1.51727
1.15 3.03687 9.41142 1.5191
1.16 3.03757 9.39253 1.51916
1.17 3.0386 9.39046 1.51602
1.19 3.0397 9.42952 1.54167
0.2 3.05054 9.51958 1.67979
0.21 3.05039 9.52226 1.68035
