0.22 3.10147 9.97911 1.56777
0.23 3.10287 9.98224 1.56025
0.24 3.10084 9.98432 1.55808
0.25 3.10193 9.97656 1.55014
0.26 3.10488 10.0345 1.54789
0.27 3.10564 10.0121 1.54373
0.27 3.10614 10.0183 1.53853
0.28 3.10744 10.0239 1.53435
0.29 3.10186 9.99132 1.53606
0.3 3.10379 10.0376 1.52628
0.31 3.10491 10.0222 1.52513
0.32 3.10721 10.0279 1.51815
0.33 3.10254 9.99719 1.51949
0.34 3.10274 10.0149 1.51545
0.35 3.10241 10.0034 1.51479
0.36 3.10702 10.0087 1.51339
0.38 3.10694 10.0785 1.5036
0.39 3.10832 10.0456 1.50519
0.39 3.10626 10.0381 1.50076
0.4 3.10547 10.0254 1.50404
0.41 3.10846 10.0564 1.49566
0.43 3.10778 10.0477 1.49497
0.43 3.11144 10.0431 1.48976
0.45 3.11001 10.0454 1.49432
0.46 3.11128 10.051 1.48301
0.46 3.10734 10.0568 1.48688
0.48 3.1115 10.0476 1.48646
0.49 3.11179 10.034 1.4832
0.5 3.10953 10.0481 1.4811
0.51 3.11459 10.0723 1.47624
0.52 3.11133 10.0638 1.47871
0.53 3.11294 10.073 1.4759
0.54 3.1126 10.0542 1.47371
0.55 3.11531 10.0922 1.47158
0.56 3.11338 10.0626 1.46986
0.57 3.11293 10.0795 1.46961
0.58 3.11036 10.1178 1.46871
0.59 3.11668 10.0832 1.46435
0.6 3.11087 10.0508 1.46686
0.61 3.11328 10.0584 1.46413
0.62 3.11464 10.0699 1.46099
0.63 3.11772 10.3435 1.45688
0.64 3.1155 10.1197 1.45856
0.65 3.11299 10.0827 1.45397
0.66 3.11739 10.0799 1.4567
0.67 3.11782 10.0853 1.45659
0.68 3.11972 10.1088 1.45023
0.69 3.11797 10.0926 1.45217
0.7 3.1185 10.0845 1.45182
0.71 3.12122 10.1335 1.44531
0.72 3.11845 10.1009 1.44971
0.73 3.11871 10.1041 1.4447
0.74 3.11731 10.0963 1.4497
0.75 3.11619 10.079 1.44775
0.76 3.12336 10.162 1.44003
0.77 3.121 10.1113 1.4439
0.78 3.1225 10.1227 1.44044
0.79 3.12056 10.1591 1.43955
0.8 3.12167 10.1257 1.44208
0.81 3.12399 10.1309 1.43562
0.82 3.11841 10.1096 1.43869
0.83 3.124 10.1254 1.43659
0.84 3.12767 10.1432 1.43069
0.85 3.12239 10.1181 1.43545
0.86 3.12544 10.1361 1.43414
0.87 3.11801 10.0931 1.43934
0.87 3.12307 10.1131 1.43648
0.88 3.12536 10.1527 1.43347
0.89 3.12224 10.1119 1.43239
0.9 3.12532 10.1484 1.43004
0.91 3.12145 10.111 1.43467
0.92 3.12505 10.1242 1.43054
0.93 3.12253 10.1182 1.43115
0.94 3.12428 10.1241 1.42617
0.96 3.12641 10.1311 1.42467
0.96 3.12415 10.2104 1.42764
0.97 3.12139 10.1433 1.42489
0.98 3.12755 10.1454 1.42499
0.99 3.1242 10.1221 1.42176
1 3.13014 10.2125 1.42084
1.01 3.12591 10.1387 1.42699
1.02 3.1266 10.1483 1.4217
1.03 3.12153 10.104 1.42478
1.04 3.12637 10.1334 1.41774
1.05 3.12493 10.1614 1.4237
1.06 3.12293 10.1228 1.42659
1.07 3.12633 10.1573 1.41923
1.08 3.1277 10.1543 1.41916
1.09 3.12339 10.1543 1.41918
1.1 3.1297 10.1658 1.41548
1.11 3.13061 10.1821 1.41449
1.12 3.12871 10.145 1.41688
1.13 3.12642 10.1474 1.41863
1.14 3.12322 10.185 1.41512
1.15 3.12822 10.1574 1.41577
1.16 3.12765 10.1761 1.41468
1.17 3.1354 10.1797 1.41051
1.18 3.12781 10.2062 1.41463
1.19 3.12734 10.1611 1.42996
0.2 3.10141 9.98824 1.56644
