0.22 3.10619 10.0135 1.5572
0.23 3.10757 10.0466 1.55225
0.24 3.10806 10.0284 1.54887
0.25 3.10785 10.0465 1.54491
0.26 3.10833 10.0326 1.54195
0.27 3.10991 10.0447 1.53647
0.28 3.10707 10.0293 1.53079
0.29 3.10892 10.0539 1.52705
0.3 3.10842 10.0467 1.52405
0.31 3.11054 10.0488 1.52197
0.32 3.10683 10.0292 1.52128
0.33 3.11271 10.0661 1.51518
0.34 3.11311 10.0541 1.51378
0.35 3.11126 10.0624 1.51008
0.36 3.10952 10.0474 1.50841
0.37 3.11153 10.0678 1.50363
0.38 3.10935 10.0472 1.50827
0.39 3.1126 10.0871 1.5011
0.4 3.11643 10.0866 1.49594
0.41 3.1127 10.0717 1.49685
0.42 3.11606 10.0916 1.49108
0.43 3.11658 10.1128 1.48738
0.44 3.11095 10.0634 1.49007
0.45 3.10793 10.0806 1.49022
0.46 3.11551 10.0891 1.48438
0.47 3.1181 10.1275 1.47504
0.47 3.11788 10.0861 1.47896
0.49 3.11937 10.1005 1.47558
0.49 3.11641 10.0867 1.47624
0.51 3.11581 10.1006 1.47445
0.52 3.1189 10.1032 1.47254
0.53 3.11968 10.0991 1.47244
0.54 3.12371 10.1405 1.46063
0.55 3.11823 10.1287 1.4654
0.56 3.12073 10.1805 1.4651
0.57 3.11977 10.1073 1.4614
0.58 3.11706 10.1175 1.46449
0.59 3.12363 10.152 1.45656
0.6 3.11792 10.2088 1.45896
0.61 3.11966 10.1313 1.45926
0.62 3.12329 10.1403 1.45575
0.63 3.12309 10.148 1.45275
0.64 3.12247 10.1365 1.45501
0.65 3.12104 10.1928 1.44989
0.66 3.12299 10.1553 1.44932
0.67 3.11824 10.1206 1.44743
0.68 3.12006 10.1134 1.4493
0.69 3.12254 10.1293 1.44674
0.7 3.1236 10.1439 1.44542
0.71 3.12123 10.1297 1.44512
0.72 3.12376 10.142 1.44384
0.73 3.12438 10.1286 1.44162
0.74 3.1227 10.1436 1.44482
0.75 3.12157 10.2016 1.44362
0.76 3.12344 10.141 1.43766
0.77 3.12479 10.2154 1.43625
0.78 3.1264 10.154 1.43693
0.79 3.1244 10.1356 1.43873
0.8 3.12359 10.1498 1.43495
0.81 3.12972 10.1899 1.43085
0.82 3.12338 10.1392 1.43538
0.83 3.12793 10.1625 1.43086
0.84 3.12739 10.1681 1.43256
0.85 3.1277 10.1832 1.43286
0.86 3.13214 10.2003 1.42775
0.87 3.13132 10.1769 1.42363
0.87 3.13017 10.1717 1.42882
0.88 3.13179 10.1891 1.4246
0.89 3.13442 10.2331 1.42436
0.9 3.12807 10.1785 1.42518
0.91 3.12886 10.1683 1.42156
0.92 3.12947 10.1822 1.42066
0.93 3.12961 10.1921 1.42662
0.94 3.13015 10.173 1.42128
0.95 3.12965 10.1939 1.42338
0.96 3.12832 10.1613 1.4212
0.97 3.13524 10.2148 1.4143
0.98 3.1298 10.1749 1.42352
0.99 3.13075 10.22 1.4155
1 3.13115 10.1984 1.4181
1.01 3.13457 10.1986 1.41696
1.02 3.13202 10.1965 1.41773
1.03 3.13726 10.2118 1.4131
1.04 3.13142 10.1837 1.41708
1.05 3.13184 10.2085 1.41916
1.06 3.12783 10.1749 1.41741
1.07 3.13231 10.1946 1.41752
1.08 3.12884 10.2319 1.41642
1.09 3.13336 10.1875 1.418
1.11 3.13374 10.2023 1.41278
1.11 3.13372 10.2185 1.41099
1.12 3.13245 10.2132 1.41396
1.13 3.13051 10.1731 1.41318
1.14 3.13527 10.2078 1.41187
1.15 3.13336 10.233 1.40972
1.16 3.1377 10.2212 1.40537
1.17 3.13556 10.2251 1.40913
1.18 3.12876 10.1636 1.41538
1.19 3.13462 10.2029 1.41394
0.2 3.10514 10.0234 1.55802
