1.19 3.08463 9.72498 1.83195
0.2 3.12981 10.0946 1.91269
0.21 3.19056 10.5735 2.01388
0.22 3.19709 10.6178 2.0268
0.23 3.19051 10.5684 2.01818
0.24 3.18472 10.524 2.00898
0.25 3.17933 10.4923 2.00372
0.26 3.17429 10.4517 1.99589
0.27 3.17427 10.4539 1.99214
0.28 3.16735 10.3888 1.98357
0.29 3.16433 10.3622 1.97627
0.3 3.16147 10.3588 1.97514
0.31 3.15269 10.2872 1.96094
0.32 3.15259 10.2779 1.95936
0.33 3.15066 10.2538 1.95916
0.34 3.1511 10.2562 1.95723
0.35 3.14511 10.2179 1.94933
0.36 3.14431 10.2069 1.9475
0.37 3.13667 10.152 1.93487
0.38 3.13525 10.1467 1.93371
0.39 3.13826 10.1518 1.93591
0.43 3.13128 10.1094 1.92716
0.44 3.13083 10.0985 1.92227
0.42 3.13189 10.1027 1.92544
0.43 3.12626 10.0572 1.91428
0.47 3.1213 10.0379 1.91024
0.45 3.12153 10.0279 1.90895
0.46 3.11953 10.0095 1.90405
0.47 3.12115 10.0143 1.90759
0.48 3.11836 9.99978 1.90158
0.49 3.1165 9.98345 1.90008
0.5 3.11346 9.96787 1.89474
0.51 3.10952 9.93712 1.8889
0.52 3.11381 9.95861 1.89667
0.56 3.11036 9.95361 1.88881
0.54 3.1082 9.9204 1.88439
0.58 3.10355 9.89146 1.87655
0.56 3.10557 9.90698 1.88034
0.57 3.10528 9.9076 1.87727
0.61 3.10304 9.91805 1.87804
0.62 3.10362 9.88447 1.87598
0.6 3.10502 9.90433 1.8795
0.61 3.09897 9.84854 1.86803
0.62 3.09937 9.84721 1.86584
0.63 3.09507 9.86117 1.86345
0.67 3.09656 9.82785 1.86299
0.65 3.09631 9.82555 1.86262
0.66 3.09245 9.80037 1.85594
0.67 3.09145 9.79091 1.85385
0.68 3.09899 9.83476 1.86366
0.69 3.09119 9.78445 1.8536
0.7 3.09386 9.79944 1.85436
0.73 3.08967 9.7791 1.85033
0.75 3.09086 9.80974 1.85288
0.76 3.09072 9.77613 1.85204
0.76 3.09092 9.76909 1.85037
0.77 3.08969 9.76749 1.84941
0.78 3.08687 9.73774 1.84327
0.8 3.0844 9.73247 1.84239
0.81 3.08472 9.72494 1.83664
0.81 3.08229 9.71636 1.83712
0.82 3.0818 9.7133 1.83504
0.83 3.08448 9.72804 1.83782
0.84 3.08324 9.72118 1.83762
0.85 3.08582 9.74221 1.83741
0.86 3.08098 9.71827 1.83494
0.88 3.08315 9.72545 1.83501
0.89 3.08382 9.71124 1.83695
0.9 3.08139 9.73612 1.83433
0.91 3.07976 9.69067 1.82848
0.89 3.07568 9.66287 1.82335
0.9 3.07943 9.69385 1.83074
0.91 3.07863 9.68467 1.82687
0.92 3.07385 9.67385 1.82155
0.95 3.07554 9.67176 1.82017
0.96 3.07378 9.6423 1.8176
0.97 3.07835 9.67707 1.82471
0.96 3.07823 9.68106 1.82678
0.97 3.07525 9.66193 1.81856
1.01 3.07667 9.66403 1.82439
1.01 3.07426 9.64579 1.81961
1.03 3.0739 9.63593 1.81311
1.01 3.07404 9.65155 1.81455
1.02 3.07319 9.62831 1.81193
1.03 3.07037 9.61875 1.81126
1.04 3.07256 9.63869 1.81671
1.05 3.07206 9.63292 1.81001
1.06 3.06846 9.61138 1.80679
1.07 3.07262 9.63433 1.81296
1.08 3.07065 9.62444 1.81058
1.09 3.07172 9.6217 1.81078
1.1 3.07286 9.63218 1.80777
1.11 3.07013 9.61654 1.80636
1.12 3.06775 9.59225 1.80571
1.13 3.06997 9.60669 1.80786
1.14 3.06818 9.58825 1.80245
1.15 3.06912 9.59644 1.80307
1.16 3.06949 9.60586 1.80703
1.17 3.06549 9.58889 1.79981
1.18 3.11876 9.99859 1.89176
