0.21 3.05163 9.50816 1.74715
0.22 3.04961 9.49943 1.74027
0.23 3.04646 9.48046 1.73418
0.24 3.04466 9.46674 1.73068
0.24 3.04187 9.45287 1.72736
0.25 3.04191 9.4414 1.72225
0.27 3.04068 9.43431 1.71542
0.28 3.03756 9.42629 1.70922
0.29 3.03713 9.41416 1.70821
0.3 3.03789 9.41332 1.70235
0.31 3.03512 9.38585 1.69175
0.32 3.03531 9.38833 1.69429
0.33 3.03317 9.37835 1.68839
0.34 3.03331 9.37326 1.60115
0.35 3.03298 9.36822 1.68598
0.36 3.03223 9.37836 1.68173
0.37 3.03141 9.35434 1.67335
0.38 3.02946 9.39031 1.66986
0.39 3.02896 9.34107 1.66571
0.4 3.02821 9.33946 1.66243
0.41 3.0281 9.33183 1.66512
0.42 3.02775 9.32726 1.66089
0.43 3.02911 9.32605 1.65456
0.44 3.02632 9.31942 1.65047
0.45 3.02741 9.31777 1.64984
0.46 3.02662 9.31007 1.6536
0.47 3.02505 9.3231 1.64414
0.48 3.02435 9.31224 1.64594
0.49 3.02311 9.29604 1.64249
0.5 3.02449 9.30659 1.63831
0.51 3.02249 9.29078 1.63935
0.52 3.02325 9.2952 1.63975
0.53 3.02368 9.30562 1.63091
0.54 3.02271 9.3229 1.63052
0.55 3.02328 9.27784 1.62888
0.56 3.02062 9.27045 1.62355
0.57 3.02213 9.28123 1.62558
0.58 3.02229 9.27198 1.62418
0.59 3.02018 9.29002 1.61896
0.6 3.02172 9.27495 1.62168
0.61 3.02068 9.27816 1.61773
0.62 3.02067 9.27166 1.62226
0.63 3.02199 9.27011 1.61722
0.64 3.02173 9.26295 1.61596
0.65 3.02053 9.25631 1.61449
0.66 3.01928 9.25559 1.61283
0.67 3.02052 9.26317 1.60435
0.68 3.01933 9.25192 1.6073
0.69 3.01992 9.26119 1.60705
0.7 3.01773 9.24307 1.61063
0.71 3.01845 9.2557 1.60009
0.72 3.01911 9.25189 1.60404
0.73 3.0187 9.24834 1.60013
0.74 3.01771 9.24158 1.60214
0.75 3.01913 9.25257 1.5972
0.76 3.0185 9.25046 1.59444
0.77 3.01981 9.24983 1.59467
0.78 3.01821 9.24971 1.59867
0.79 3.01856 9.23221 1.59406
0.8 3.01912 9.23702 1.59335
0.81 3.01872 9.23295 1.59209
0.82 3.0186 9.25438 1.58975
0.83 3.01738 9.22471 1.59338
0.84 3.01856 9.24115 1.59015
0.85 3.01867 9.23677 1.58958
0.86 3.018 9.30951 1.58806
0.87 3.01854 9.23189 1.58718
0.88 3.01851 9.23875 1.58338
0.89 3.01807 9.22989 1.5841
0.9 3.01538 9.29178 1.58739
0.91 3.01689 9.2312 1.5831
0.92 3.01769 9.23257 1.5807
0.93 3.01721 9.22587 1.58
0.94 3.01816 9.23623 1.58014
0.95 3.01715 9.22646 1.57676
0.96 3.01779 9.24624 1.5762
0.97 3.01732 9.22369 1.57548
0.98 3.0168 9.21148 1.57642
0.99 3.01596 9.2163 1.57615
1 3.01746 9.21454 1.57847
1.01 3.01746 9.2416 1.57375
1.02 3.01497 9.21624 1.57128
1.03 3.01855 9.21704 1.57134
1.04 3.01647 9.223 1.56981
1.05 3.01738 9.22638 1.57281
1.06 3.01758 9.21226 1.57074
1.07 3.01527 9.20642 1.57387
1.08 3.01678 9.23595 1.56858
1.09 3.01699 9.2164 1.56745
1.1 3.01682 9.21281 1.57041
1.11 3.01496 9.22028 1.56807
1.12 3.01678 9.23872 1.56911
1.13 3.01597 9.20377 1.57421
1.13 3.01587 9.19671 1.56368
1.14 3.01863 9.2386 1.55913
1.15 3.01577 9.21345 1.56526
1.16 3.01747 9.21314 1.56359
1.17 3.01697 9.20432 1.56515
1.19 3.01745 9.21675 1.55871
0.2 3.03273 9.42126 1.64256
