0.23 3.13207 10.2389 1.52003
0.24 3.12903 10.2272 1.51972
0.25 3.13802 10.3021 1.51554
0.26 3.13246 10.2482 1.51359
0.27 3.13399 10.2787 1.50735
0.28 3.13536 10.2706 1.5052
0.29 3.13599 10.2919 1.50219
0.3 3.13218 10.2647 1.49922
0.31 3.13836 10.2779 1.49567
0.32 3.13622 10.2942 1.49038
0.33 3.13725 10.2848 1.48838
0.34 3.13698 10.2894 1.48685
0.35 3.14091 10.3086 1.47918
0.36 3.13526 10.273 1.48409
0.37 3.13727 10.2908 1.47919
0.38 3.13756 10.2903 1.47624
0.39 3.13891 10.2909 1.46954
0.4 3.13847 10.3101 1.4697
0.41 3.13522 10.2882 1.46929
0.42 3.14423 10.3359 1.46363
0.43 3.14134 10.3445 1.4664
0.44 3.14474 10.3552 1.45794
0.45 3.14138 10.3383 1.45959
0.46 3.14529 10.3603 1.45597
0.47 3.14251 10.3163 1.45588
0.48 3.14466 10.3395 1.45278
0.49 3.1484 10.373 1.44654
0.5 3.14598 10.362 1.45109
0.51 3.15081 10.3863 1.43966
0.52 3.14686 10.3595 1.44297
0.53 3.14704 10.7813 1.44472
0.54 3.14404 10.3539 1.4422
0.55 3.14846 10.3714 1.44109
0.56 3.15399 10.3992 1.43761
0.57 3.14701 10.3492 1.43921
0.58 3.14945 10.3782 1.43631
0.59 3.15153 10.3764 1.43575
0.6 3.14961 10.3671 1.43231
0.61 3.14627 10.354 1.43607
0.62 3.15067 10.3662 1.42911
0.63 3.14559 10.3549 1.4349
0.64 3.15303 10.4222 1.42626
0.65 3.15604 10.4099 1.42252
0.66 3.15575 10.4003 1.42534
0.67 3.1533 10.4008 1.42345
0.68 3.15804 10.4534 1.42127
0.69 3.15515 10.4019 1.42175
0.7 3.15128 10.3989 1.42201
0.71 3.15396 10.4102 1.42047
0.72 3.15431 10.4274 1.41957
0.73 3.15431 10.416 1.41487
0.74 3.15681 10.4303 1.41347
0.75 3.15601 10.4055 1.41596
0.76 3.15799 10.4303 1.41312
0.77 3.15984 10.4571 1.41225
0.78 3.1571 10.43 1.41811
0.79 3.15976 10.432 1.40954
0.8 3.15668 10.4348 1.40922
0.81 3.15867 10.4274 1.41172
0.82 3.16119 10.438 1.40687
0.83 3.16165 10.4526 1.40377
0.84 3.16375 10.4556 1.40284
0.85 3.15538 10.4292 1.40769
0.86 3.15742 10.432 1.40733
0.87 3.16069 10.4391 1.40469
0.88 3.16073 10.4941 1.40288
0.89 3.16365 10.4898 1.40269
0.9 3.16003 10.4499 1.40213
0.91 3.16294 10.457 1.3993
0.92 3.16351 10.449 1.39914
0.93 3.16374 10.4713 1.39754
0.94 3.16633 10.4855 1.38926
0.95 3.16081 10.4702 1.3992
0.96 3.16221 10.4698 1.39432
0.97 3.16211 10.4606 1.39545
0.98 3.1667 10.4688 1.39601
0.99 3.16454 10.4832 1.39568
1 3.1649 10.48 1.39156
1.01 3.1677 10.4849 1.39309
1.02 3.16585 10.4795 1.39037
1.03 3.16591 10.4789 1.39449
1.04 3.16518 10.452 1.39418
1.05 3.16971 10.4979 1.39267
1.06 3.16559 10.4724 1.38895
1.05 3.16262 10.5259 1.38954
1.06 3.1693 10.4904 1.38669
1.07 3.16686 10.4703 1.39186
1.08 3.16464 10.4648 1.39184
1.09 3.16755 10.4795 1.38882
1.12 3.16726 10.5169 1.38898
1.13 3.16767 10.4985 1.39094
1.14 3.16749 10.5057 1.38766
1.15 3.16984 10.4852 1.38489
1.16 3.17002 10.5342 1.38758
1.17 3.16813 10.5091 1.38135
1.18 3.16492 10.4802 1.39326
1.19 3.16811 10.485 1.38587
0.2 3.16243 10.4495 1.40864
0.21 3.13382 10.2508 1.51046
0.22 3.13198 10.2461 1.51344
