0.21 3.16678 10.3825 1.99248
0.22 3.16158 10.3514 1.98451
0.23 3.15911 10.3188 1.98099
0.24 3.15248 10.2691 1.96994
0.25 3.14593 10.2317 1.96305
0.26 3.14514 10.208 1.95862
0.27 3.14027 10.1728 1.95198
0.29 3.13782 10.1474 1.9469
0.3 3.1349 10.1331 1.94035
0.31 3.12815 10.0844 1.93338
0.31 3.12998 10.091 1.9344
0.33 3.1289 10.0728 1.93001
0.34 3.12291 10.0343 1.92284
0.34 3.1189 10.0186 1.91552
0.35 3.11659 9.99014 1.91402
0.36 3.11474 9.96416 1.90852
0.37 3.111 9.94237 1.90328
0.38 3.10814 9.9272 1.89752
0.39 3.10622 9.90828 1.89474
0.4 3.10312 9.88596 1.88828
0.41 3.10479 9.91612 1.89206
0.42 3.10114 9.86392 1.88414
0.44 3.09753 9.84709 1.88115
0.44 3.10031 9.85446 1.88325
0.45 3.10012 9.8478 1.87845
0.46 3.09612 9.82203 1.87559
0.47 3.09445 9.8175 1.87074
0.48 3.08904 9.77766 1.86419
0.49 3.08814 9.77112 1.86047
0.5 3.0866 9.75178 1.85696
0.51 3.0895 9.7735 1.86159
0.52 3.08491 9.75504 1.85394
0.53 3.08719 9.7472 1.85603
0.54 3.08405 9.72715 1.85054
0.55 3.08328 9.72217 1.85018
0.56 3.08291 9.71633 1.85031
0.57 3.08038 9.69661 1.84253
0.58 3.08054 9.69543 1.84321
0.59 3.07748 9.68684 1.84091
0.6 3.07626 9.66388 1.83633
0.61 3.0746 9.6543 1.83203
0.62 3.07464 9.66769 1.83437
0.63 3.07493 9.68865 1.83172
0.64 3.07379 9.64858 1.83124
0.65 3.07392 9.64822 1.83058
0.66 3.0727 9.64142 1.82672
0.67 3.07033 9.623 1.82594
0.68 3.0705 9.61728 1.8253
0.69 3.07026 9.61815 1.82344
0.7 3.06801 9.62276 1.81656
0.71 3.06863 9.60438 1.82052
0.72 3.06986 9.645 1.82104
0.73 3.06902 9.60795 1.82041
0.74 3.06333 9.57163 1.80943
0.75 3.06387 9.57416 1.80953
0.76 3.06544 9.58407 1.81275
0.77 3.06617 9.58342 1.811
0.78 3.06151 9.57564 1.8063
0.79 3.06312 9.55883 1.80806
0.8 3.06211 9.55678 1.80579
0.81 3.05905 9.53564 1.7994
0.82 3.06571 9.56846 1.81041
0.83 3.05887 9.53736 1.80082
0.84 3.06125 9.54198 1.80233
0.85 3.0581 9.5376 1.79782
0.86 3.05736 9.5573 1.79726
0.87 3.05865 9.5173 1.79816
0.88 3.06159 9.5426 1.8039
0.89 3.05931 9.52692 1.79952
0.9 3.05921 9.52608 1.79655
0.91 3.05703 9.51688 1.7928
0.92 3.05991 9.5252 1.7983
0.93 3.05298 9.48587 1.784
0.94 3.05478 9.49223 1.78628
0.95 3.05469 9.48818 1.7903
0.96 3.05396 9.48533 1.78838
0.97 3.05223 9.48585 1.78283
0.98 3.05191 9.47876 1.78276
0.99 3.05498 9.48703 1.7881
1 3.05329 9.48219 1.78467
1.01 3.05551 9.49424 1.78926
1.02 3.05568 9.49077 1.78784
1.03 3.05311 9.46733 1.78345
1.04 3.0531 9.47561 1.7853
1.05 3.05031 9.4681 1.77899
1.06 3.04941 9.46323 1.77686
1.07 3.05168 9.46689 1.7792
1.08 3.0521 9.46763 1.77698
1.09 3.05009 9.52031 1.77692
1.1 3.05157 9.45988 1.77821
1.11 3.0509 9.45329 1.77976
1.12 3.04963 9.45209 1.77478
1.13 3.04799 9.43119 1.76932
1.14 3.05024 9.44738 1.77574
1.15 3.05182 9.46057 1.77863
1.16 3.05245 9.46381 1.77962
1.17 3.0473 9.42766 1.77162
1.18 3.04705 9.46159 1.7703
1.19 3.04819 9.4414 1.77032
0.2 3.09682 9.82447 1.86105
