0.21 3.16339 10.5111 1.50171
0.22 3.15948 10.4955 1.49694
0.23 3.16793 10.5389 1.48893
0.24 3.16597 10.5454 1.48557
0.25 3.16133 10.5199 1.48246
0.26 3.17104 10.5654 1.47721
0.27 3.16683 10.5533 1.47476
0.28 3.16918 10.5702 1.4753
0.29 3.16593 10.5484 1.4654
0.3 3.17552 10.6274 1.46005
0.31 3.17222 10.5905 1.46022
0.32 3.16876 10.5629 1.46107
0.33 3.17265 10.6107 1.45714
0.34 3.17487 10.6024 1.45301
0.35 3.17616 10.6173 1.44821
0.36 3.17397 10.6986 1.44521
0.37 3.17904 10.6332 1.44375
0.38 3.17817 10.6239 1.44037
0.39 3.1778 10.632 1.43733
0.4 3.17955 10.6369 1.437
0.41 3.1826 10.662 1.4336
0.42 3.17688 10.6263 1.43715
0.43 3.18123 10.6682 1.42858
0.44 3.18149 10.6655 1.43336
0.45 3.1794 10.6524 1.43216
0.46 3.1802 10.6614 1.42382
0.47 3.1841 10.6743 1.42485
0.48 3.1812 10.7175 1.42216
0.49 3.18612 10.7123 1.42244
0.5 3.18598 10.6851 1.41959
0.51 3.18252 10.6736 1.4145
0.52 3.18429 10.7049 1.41677
0.53 3.18957 10.7034 1.41177
0.54 3.18795 10.711 1.41189
0.55 3.18714 10.71 1.40785
0.56 3.19173 10.73 1.4065
0.57 3.19063 10.7519 1.40576
0.58 3.18804 10.7014 1.40747
0.59 3.19343 10.7207 1.40263
0.6 3.18921 10.714 1.40559
0.61 3.19025 10.7241 1.40423
0.62 3.19069 10.7145 1.40259
0.63 3.19095 10.7282 1.40078
0.64 3.19039 10.7235 1.39709
0.65 3.19695 10.7654 1.39225
0.66 3.19984 10.769 1.39268
0.67 3.19176 10.7455 1.39431
0.68 3.1978 10.7652 1.39115
0.69 3.19713 10.766 1.39089
0.7 3.19562 10.7727 1.39014
0.71 3.20062 10.7893 1.3885
0.72 3.19507 10.7581 1.3873
0.73 3.2007 10.8045 1.38266
0.74 3.19836 10.7628 1.38722
0.75 3.19679 10.7643 1.38585
0.76 3.20305 10.8195 1.3806
0.77 3.1999 10.8179 1.38023
0.78 3.20741 10.8503 1.37841
0.79 3.19965 10.7765 1.3806
0.8 3.20096 10.8928 1.38126
0.81 3.20241 10.8269 1.37532
0.82 3.19908 10.7746 1.38118
0.83 3.20603 10.8267 1.37785
0.84 3.20349 10.8045 1.37605
0.85 3.20134 10.8184 1.37612
0.86 3.20475 10.8325 1.37162
0.88 3.20575 10.8366 1.37256
0.89 3.20545 10.8121 1.37884
0.89 3.19974 10.7884 1.37502
0.91 3.20186 10.8214 1.37727
0.92 3.20393 10.8263 1.37408
0.93 3.20125 10.7958 1.37255
0.94 3.20773 10.8533 1.36814
0.95 3.20214 10.854 1.36952
0.95 3.20366 10.8314 1.36837
0.97 3.20506 10.8213 1.3671
0.98 3.20453 10.9104 1.36406
0.98 3.21005 10.845 1.36809
0.99 3.20391 10.8134 1.36965
1.01 3.20521 10.8294 1.36687
1.02 3.20614 10.8573 1.36453
1.03 3.20483 10.838 1.36392
1.04 3.20639 10.8298 1.36412
1.05 3.21219 10.8497 1.36364
1.06 3.20718 10.8352 1.36279
1.07 3.20639 11.1425 1.36257
1.08 3.20808 10.858 1.36366
1.09 3.21322 10.8606 1.35943
1.1 3.21066 10.8664 1.3593
1.11 3.21308 10.8731 1.36114
1.12 3.20966 10.8804 1.36068
1.13 3.20729 10.9297 1.35865
1.14 3.20712 10.8543 1.35799
1.15 3.21843 10.9047 1.35486
1.16 3.21113 10.8734 1.35637
1.17 3.20722 10.8462 1.36013
1.18 3.21158 10.8734 1.35578
1.19 3.21311 10.9002 1.35381
0.2 3.20685 10.8334 1.37074
0.21 3.17933 10.6289 1.44103
