0.2 3.15111 10.4217 1.50755
0.21 3.15079 10.4165 1.50476
0.22 3.15552 10.4685 1.49871
0.23 3.14982 10.4606 1.49237
0.24 3.15868 10.4566 1.49038
0.25 3.15755 10.4649 1.48679
0.26 3.15822 10.4629 1.48145
0.27 3.15551 10.4577 1.48128
0.28 3.15728 10.4614 1.47969
0.29 3.15911 10.4961 1.47274
0.3 3.16136 10.5054 1.46659
0.31 3.1599 10.4886 1.47058
0.32 3.16286 10.4992 1.46503
0.33 3.15881 10.4863 1.46486
0.34 3.16279 10.49 1.45783
0.35 3.16097 10.4838 1.45717
0.36 3.16358 10.5103 1.45376
0.37 3.16507 10.5189 1.45258
0.38 3.16363 10.5165 1.45005
0.39 3.15866 10.4838 1.45124
0.4 3.16948 10.5503 1.44247
0.41 3.16588 10.5269 1.44458
0.42 3.16362 10.5308 1.44236
0.43 3.16773 10.5311 1.44008
0.44 3.16735 10.5495 1.43605
0.45 3.17019 10.5539 1.43496
0.46 3.17446 10.5754 1.43207
0.47 3.17435 10.6085 1.4293
0.48 3.17172 10.571 1.42821
0.49 3.17175 10.5574 1.42337
0.5 3.16987 10.5731 1.42599
0.51 3.16622 10.5506 1.42807
0.52 3.16996 10.5732 1.42288
0.53 3.1734 10.5827 1.42274
0.54 3.16718 10.5656 1.42333
0.55 3.17564 10.6051 1.41809
0.56 3.17442 10.5871 1.4163
0.57 3.16851 10.5541 1.41572
0.58 3.18027 10.6191 1.41359
0.59 3.17396 10.5902 1.41171
0.6 3.1803 10.6339 1.41295
0.61 3.17657 10.6005 1.41603
0.62 3.17983 10.61 1.40744
0.63 3.18072 10.6201 1.40586
0.64 3.17673 10.6341 1.40801
0.65 3.1831 10.6427 1.40286
0.66 3.18008 10.6197 1.40348
0.67 3.18001 10.6304 1.40105
0.68 3.18041 10.6256 1.40252
0.69 3.18295 10.6538 1.39633
0.7 3.18282 10.6771 1.39626
0.71 3.18058 10.6389 1.39607
0.72 3.18346 10.6629 1.3936
0.73 3.17678 10.6261 1.39909
0.74 3.18528 10.6826 1.39277
0.75 3.18661 10.6779 1.39257
0.76 3.18377 10.6509 1.39216
0.77 3.18318 10.6548 1.39321
0.78 3.18417 10.6831 1.39103
0.79 3.18051 10.646 1.39022
0.8 3.18775 10.6926 1.38918
0.81 3.18569 10.6729 1.38701
0.82 3.18861 10.6728 1.38956
0.83 3.18671 10.6797 1.38678
0.84 3.19094 10.7271 1.38292
0.85 3.18831 10.6788 1.38622
0.86 3.18935 10.7009 1.38232
0.87 3.19141 10.6963 1.38264
0.88 3.18874 10.6897 1.384
0.9 3.19666 10.75 1.37726
0.91 3.19096 10.6873 1.38055
0.92 3.19059 10.7017 1.37951
0.93 3.1905 10.6902 1.37636
0.94 3.19134 10.693 1.37828
0.95 3.18928 10.8807 1.37677
0.96 3.19175 10.7042 1.37764
0.97 3.19353 10.7128 1.37492
0.97 3.19564 10.7198 1.37469
0.98 3.19168 10.7471 1.37693
1 3.19119 10.6959 1.37602
1.01 3.18747 10.6731 1.3783
1.02 3.19749 10.7468 1.37402
1.03 3.19024 10.7021 1.37433
1.04 3.19572 10.7633 1.36811
1.05 3.19633 10.7338 1.3724
1.06 3.19532 10.7117 1.37218
1.07 3.19905 10.7492 1.37239
1.08 3.19411 10.7492 1.37013
1.09 3.19676 10.7309 1.37014
1.1 3.19995 10.7593 1.36715
1.11 3.19008 10.7309 1.37194
1.12 3.19633 10.7429 1.36703
1.13 3.19885 10.7635 1.36558
1.14 3.19758 10.7653 1.36705
1.15 3.19797 10.7536 1.36649
1.16 3.19794 10.733 1.36734
1.17 3.18605 10.6508 1.40546
1.18 3.17805 10.609 1.43112
1.19 3.17373 10.5823 1.43421
1.19 3.16932 10.5346 1.46385
