0.21 3.08867 9.76774 1.86796
0.22 3.09745 9.82648 1.88518
0.23 3.1085 9.92234 1.91158
0.24 3.1056 9.89369 1.90692
0.25 3.09977 9.87136 1.89709
0.26 3.0969 9.84672 1.89255
0.27 3.09277 9.80582 1.88265
0.28 3.08984 9.78255 1.87912
0.29 3.08718 9.77172 1.87321
0.3 3.08443 9.74712 1.86964
0.31 3.0824 9.73334 1.86225
0.32 3.07934 9.69871 1.85533
0.33 3.0758 9.68411 1.85104
0.34 3.07583 9.67208 1.85016
0.35 3.07578 9.67283 1.85039
0.36 3.07139 9.63932 1.84233
0.37 3.06859 9.6185 1.83496
0.38 3.06991 9.63142 1.83936
0.39 3.06642 9.5953 1.83163
0.4 3.06377 9.5731 1.82647
0.41 3.06277 9.57687 1.82504
0.39 3.06338 9.56682 1.8238
0.41 3.05894 9.53959 1.81653
0.42 3.05779 9.52439 1.81433
0.45 3.05641 9.52499 1.81164
0.46 3.05517 9.51895 1.80854
0.47 3.05509 9.50373 1.8063
0.48 3.05078 9.48275 1.79641
0.49 3.05298 9.48786 1.80015
0.5 3.05148 9.47367 1.7959
0.51 3.04987 9.46472 1.79172
0.52 3.04839 9.46862 1.78972
0.53 3.04604 9.43998 1.78653
0.54 3.0457 9.43893 1.78644
0.55 3.04265 9.42207 1.77742
0.56 3.04205 9.42024 1.77641
0.57 3.04036 9.40338 1.77265
0.58 3.04349 9.40812 1.77682
0.59 3.04156 9.40321 1.77318
0.6 3.04133 9.38916 1.76937
0.61 3.03954 9.38472 1.76757
0.62 3.03958 9.40042 1.77054
0.63 3.03685 9.37507 1.76252
0.64 3.03773 9.37876 1.76513
0.65 3.03881 9.3717 1.76534
0.66 3.03548 9.37718 1.75952
0.67 3.03798 9.3802 1.7621
0.68 3.03523 9.36592 1.7573
0.69 3.03517 9.33987 1.75094
0.7 3.03555 9.35605 1.757
0.71 3.03628 9.34956 1.7562
0.72 3.03288 9.34357 1.7507
0.73 3.03349 9.33449 1.75039
0.74 3.03108 9.32672 1.7505
0.75 3.03191 9.31943 1.74959
0.76 3.0309 9.30993 1.74437
0.77 3.03232 9.32515 1.74936
0.78 3.0301 9.30962 1.74173
0.79 3.03052 9.31233 1.74127
0.8 3.03131 9.31066 1.74562
0.81 3.02983 9.31675 1.73978
0.82 3.02759 9.28308 1.73286
0.83 3.02838 9.28088 1.73699
0.84 3.02782 9.28777 1.73504
0.85 3.02735 9.28306 1.73456
0.86 3.0272 9.28293 1.73287
0.87 3.02746 9.29475 1.73598
0.88 3.02593 9.26604 1.72711
0.89 3.02358 9.26251 1.72175
0.9 3.02685 9.27693 1.73282
0.91 3.02372 9.27122 1.7258
0.92 3.02622 9.26565 1.7294
0.93 3.02515 9.26039 1.72667
0.94 3.02238 9.24367 1.71805
0.95 3.02436 9.24893 1.71995
0.96 3.0244 9.34886 1.72325
0.97 3.02262 9.25704 1.72368
0.98 3.02138 9.23513 1.71239
0.99 3.02426 9.24927 1.72324
1 3.02211 9.24042 1.71693
1.01 3.02107 9.24686 1.71476
1.02 3.02066 9.23281 1.716
1.03 3.0227 9.23979 1.7225
1.04 3.02003 9.27362 1.7142
1.05 3.02266 9.23916 1.71842
1.06 3.02239 9.23916 1.71765
1.07 3.01879 9.25833 1.70837
1.08 3.02099 9.22996 1.71329
1.09 3.02054 9.22114 1.70989
1.1 3.01934 9.23727 1.71025
1.11 3.01979 9.21913 1.7082
1.12 3.01849 9.22929 1.70572
1.13 3.01934 9.21595 1.70991
1.14 3.01966 9.20639 1.70809
1.15 3.01934 9.22383 1.70924
1.16 3.01973 9.2066 1.70964
1.15 3.01745 9.2093 1.7057
1.16 3.01787 9.20357 1.7068
1.16 3.0185 9.21572 1.70326
1.18 3.02798 9.276 1.72526
