0.21 3.20993 10.7484 2.02745
0.22 3.21542 10.7837 2.03464
0.21 3.23693 10.9476 2.06962
0.22 3.22929 10.8962 2.05835
0.23 3.22402 10.8503 2.05172
0.24 3.21934 10.8015 2.04538
0.25 3.21437 10.7664 2.03794
0.26 3.21396 10.7592 2.03479
0.27 3.2052 10.688 2.02442
0.28 3.19607 10.6303 2.01115
0.29 3.19257 10.6131 2.00874
0.3 3.18768 10.5719 2.00004
0.31 3.19208 10.6189 2.00666
0.31 3.18242 10.5241 1.99121
0.32 3.18467 10.5332 1.99583
0.33 3.17638 10.4732 1.98513
0.34 3.17458 10.4837 1.98221
0.35 3.17706 10.4915 1.9845
0.36 3.16955 10.4301 1.97547
0.37 3.16548 10.3795 1.9671
0.38 3.16659 10.4073 1.96854
0.42 3.16312 10.376 1.964
0.43 3.16334 10.3694 1.96336
0.44 3.15827 10.326 1.95519
0.42 3.15937 10.3317 1.9567
0.44 3.15187 10.2804 1.94537
0.45 3.15147 10.2755 1.94335
0.46 3.14528 10.2444 1.93938
0.47 3.14758 10.2751 1.93669
0.48 3.14155 10.1996 1.9293
0.49 3.14118 10.19 1.92854
0.49 3.14072 10.195 1.92623
0.51 3.14288 10.1948 1.92747
0.52 3.13687 10.1527 1.91947
0.53 3.13933 10.1723 1.92607
0.54 3.13406 10.133 1.91548
0.55 3.1361 10.1508 1.91651
0.56 3.13135 10.1136 1.91092
0.56 3.13243 10.1081 1.91153
0.58 3.13393 10.1302 1.91495
0.59 3.12702 10.0719 1.90181
0.59 3.12986 10.0896 1.908
0.6 3.12614 10.0648 1.90097
0.61 3.1276 10.0803 1.9022
0.62 3.12565 10.0654 1.8984
0.63 3.12238 10.0608 1.89667
0.64 3.12427 10.0423 1.89734
0.65 3.12148 10.026 1.89299
0.66 3.12037 10.035 1.89182
0.67 3.11863 10.1224 1.88827
0.68 3.11874 9.99299 1.8874
0.69 3.1167 9.9925 1.88347
0.7 3.1142 9.96732 1.87967
0.71 3.11622 9.99084 1.88399
0.72 3.11009 9.94835 1.87605
0.73 3.11451 9.96942 1.8754
0.74 3.11411 9.95806 1.87666
0.75 3.11416 9.96162 1.88024
0.76 3.1169 9.97395 1.88201
0.77 3.11014 9.93515 1.87179
0.78 3.10714 9.92792 1.86728
0.79 3.11089 9.93923 1.87141
0.8 3.10848 9.92426 1.86932
0.81 3.10933 9.93436 1.87128
0.82 3.11134 9.95608 1.87165
0.83 3.10867 9.91304 1.86703
0.85 3.11005 9.93006 1.8697
0.86 3.1036 9.8969 1.86144
0.87 3.1027 9.88168 1.85885
0.88 3.10499 9.9075 1.86209
0.89 3.10082 9.87058 1.85744
0.9 3.10387 9.87364 1.85969
0.91 3.10215 9.85938 1.85274
0.92 3.10192 9.86803 1.85621
0.93 3.10068 9.85648 1.851
0.94 3.0974 9.83547 1.85016
0.95 3.09947 9.84869 1.85252
0.96 3.10187 9.86338 1.855
0.97 3.10081 9.85709 1.85205
0.98 3.09843 10.5673 1.84867
0.99 3.09915 9.84413 1.85043
1 3.09653 9.82606 1.8464
1.01 3.10139 9.84988 1.85093
1.02 3.09998 9.85324 1.85035
1.03 3.09313 9.79635 1.83964
1.04 3.09269 9.81413 1.8384
1.05 3.09441 9.81149 1.84251
1.06 3.09899 9.84214 1.8457
1.07 3.10026 9.83943 1.84941
1.08 3.09702 9.81933 1.84569
1.09 3.09445 9.80987 1.83906
1.1 3.09768 9.82653 1.84413
1.11 3.09681 9.84261 1.84411
1.12 3.09394 9.82161 1.84287
1.13 3.09935 9.83954 1.84964
1.14 3.09798 9.82314 1.84612
1.17 3.09077 9.78073 1.83588
1.18 3.09081 9.78502 1.83774
1.19 3.09165 9.81865 1.83424
0.2 3.11494 9.96677 1.87238
