0.24 3.23022 11.0885 1.44339
0.25 3.23116 11.131 1.43468
0.27 3.22992 11.0993 1.43496
0.27 3.23675 11.1491 1.42604
0.28 3.22946 11.0928 1.42738
0.29 3.22937 11.1116 1.42645
0.3 3.23563 11.1477 1.41803
0.31 3.23583 11.1791 1.42086
0.32 3.23576 11.1575 1.41549
0.33 3.2411 11.1935 1.41148
0.34 3.23572 11.1597 1.40754
0.35 3.23858 11.1659 1.40812
0.36 3.24084 11.1899 1.40524
0.37 3.24256 11.2008 1.4025
0.38 3.23883 11.1855 1.40043
0.39 3.24513 11.2295 1.39618
0.4 3.24777 11.2411 1.39242
0.41 3.24261 11.2066 1.39548
0.42 3.24692 11.2545 1.39195
0.43 3.25511 11.3191 1.38398
0.44 3.25072 11.2605 1.38497
0.45 3.25778 11.3196 1.38202
0.46 3.25337 11.2941 1.37942
0.47 3.25579 11.2907 1.38005
0.48 3.25718 11.2968 1.37792
0.49 3.25898 11.3145 1.3785
0.5 3.26059 11.3397 1.37418
0.51 3.25403 11.299 1.37369
0.52 3.25763 11.3147 1.37571
0.53 3.25876 11.3299 1.36892
0.54 3.25733 11.3565 1.37154
0.55 3.26521 11.3596 1.36617
0.56 3.26265 11.3495 1.36598
0.57 3.25991 11.3387 1.36279
0.58 3.26369 11.4651 1.36126
0.59 3.26311 11.3521 1.3626
0.6 3.2664 11.3714 1.35792
0.61 3.26591 11.394 1.35439
0.62 3.2678 11.3899 1.3568
0.63 3.26208 11.3701 1.35202
0.64 3.26415 11.3687 1.35623
0.65 3.26051 11.3762 1.35658
0.66 3.27153 11.4129 1.35239
0.67 3.26326 11.3694 1.35424
0.68 3.27285 11.431 1.34891
0.69 3.27676 11.4433 1.3474
0.7 3.27292 11.4292 1.34435
0.71 3.26861 11.4285 1.34649
0.72 3.27543 11.4738 1.34494
0.73 3.26848 11.4431 1.34632
0.74 3.2699 11.406 1.34549
0.75 3.27853 11.4598 1.3395
0.77 3.2749 11.4453 1.34118
0.78 3.2819 11.4816 1.33703
0.79 3.27431 11.4463 1.34105
0.79 3.27207 11.4705 1.33995
0.8 3.28517 11.5103 1.33885
0.82 3.27976 11.5138 1.33138
0.83 3.27498 11.469 1.33653
0.84 3.27967 11.4768 1.33425
0.85 3.27781 11.4617 1.3351
0.86 3.27474 11.4785 1.33572
0.87 3.27837 11.4655 1.33618
0.87 3.27883 11.4884 1.33114
0.88 3.28293 11.5082 1.32963
0.89 3.28241 11.5152 1.33452
0.9 3.28171 11.4989 1.33105
0.91 3.28544 11.5396 1.32802
0.92 3.28612 11.6017 1.32994
0.94 3.28116 11.5135 1.32681
0.95 3.27833 11.5425 1.33025
0.96 3.28371 11.5089 1.32425
0.97 3.28253 11.5024 1.32544
0.98 3.28083 11.5021 1.3263
0.99 3.29158 11.5638 1.32041
1 3.2857 11.525 1.3238
1 3.28553 11.5418 1.32477
1.02 3.28543 11.5171 1.32342
1.02 3.28832 11.5466 1.32208
1.04 3.28607 11.5239 1.32187
1.05 3.28112 11.5115 1.32174
1.06 3.28629 11.5332 1.31824
1.07 3.28863 11.5366 1.31995
1.08 3.29374 11.6003 1.31675
1.09 3.29308 11.5605 1.31602
1.1 3.29151 11.5673 1.31974
1.11 3.29248 11.5646 1.31592
1.12 3.29283 11.5964 1.31519
1.13 3.28274 11.5194 1.31896
1.14 3.29163 11.5539 1.31769
1.15 3.29645 11.5945 1.31249
1.16 3.2891 11.5562 1.3136
1.17 3.29272 11.5688 1.31501
1.18 3.2887 11.5583 1.31573
1.19 3.29536 11.5768 1.31087
0.2 3.27774 11.4739 1.34398
0.21 3.2633 11.3356 1.37461
0.22 3.25959 11.3152 1.38058
0.23 3.24729 11.2415 1.3943
0.24 3.24484 11.217 1.40481
