0.21 3.08396 9.7488 1.86698
0.22 3.07888 9.72012 1.85835
0.23 3.07566 9.69923 1.84941
0.24 3.07332 9.65283 1.84343
0.25 3.06963 9.64457 1.83824
0.26 3.06702 9.62662 1.83362
0.26 3.06418 9.58881 1.8287
0.27 3.06334 9.5842 1.82377
0.28 3.06072 9.5699 1.81941
0.29 3.05378 9.52514 1.80332
0.3 3.05633 9.52857 1.80984
0.31 3.05456 9.51408 1.8052
0.32 3.05078 9.48945 1.79596
0.33 3.0529 9.49756 1.80169
0.34 3.04913 9.47206 1.79197
0.35 3.04746 9.45923 1.78807
0.36 3.04556 9.45423 1.78501
0.37 3.04389 9.43858 1.78064
0.38 3.04227 9.42792 1.77425
0.39 3.04252 9.4169 1.77393
0.4 3.04063 9.41889 1.77148
0.41 3.04113 9.40756 1.77368
0.42 3.04074 9.42183 1.76695
0.43 3.03663 9.37703 1.76098
0.44 3.03671 9.37068 1.76169
0.45 3.03451 9.36171 1.75713
0.46 3.03699 9.40582 1.75609
0.47 3.03414 9.35405 1.75105
0.48 3.03475 9.34552 1.74891
0.49 3.03148 9.3367 1.74531
0.5 3.03248 9.33427 1.74604
0.51 3.03158 9.32627 1.74478
0.52 3.02872 9.32448 1.73682
0.53 3.02846 9.322 1.73717
0.54 3.02742 9.30413 1.7313
0.55 3.02654 9.29846 1.73012
0.56 3.02596 9.2936 1.72483
0.57 3.02517 9.30997 1.72705
0.58 3.02452 9.29022 1.72486
0.59 3.02448 9.28569 1.72254
0.6 3.02361 9.27466 1.71961
0.61 3.02372 9.26778 1.72063
0.62 3.02312 9.25398 1.71406
0.63 3.02214 9.27529 1.71795
0.64 3.02077 9.26229 1.7122
0.65 3.02181 9.2476 1.71229
0.66 3.02034 9.27961 1.71083
0.67 3.01937 9.2608 1.70903
0.68 3.02083 9.23578 1.70936
0.69 3.0181 9.22938 1.70283
0.7 3.01978 9.23549 1.70896
0.71 3.01966 9.2384 1.70658
0.72 3.01874 9.23599 1.70316
0.73 3.01675 9.2234 1.6981
0.74 3.01711 9.21403 1.7008
0.75 3.01769 9.21673 1.69909
0.76 3.01636 9.20957 1.69373
0.77 3.01684 9.22806 1.69734
0.78 3.01557 9.21105 1.69476
0.79 3.0147 9.20352 1.69298
0.8 3.01442 9.18746 1.68806
0.81 3.01647 9.1934 1.69399
0.82 3.01374 9.20655 1.69012
0.83 3.01486 9.19426 1.69112
0.84 3.01556 9.20309 1.6933
0.85 3.01439 9.19438 1.68707
0.86 3.01471 9.2025 1.69229
0.87 3.0132 9.16859 1.6814
0.88 3.01267 9.19227 1.68259
0.89 3.01332 9.17318 1.68109
0.9 3.01344 9.1757 1.68343
0.91 3.0137 9.18838 1.68464
0.92 3.01199 9.16951 1.67809
0.93 3.0119 9.16862 1.68293
0.94 3.01123 9.17025 1.67448
0.95 3.0118 9.16923 1.67987
0.96 3.0121 9.16315 1.67813
0.97 3.01124 9.15968 1.67661
0.98 3.01224 9.15784 1.67479
0.99 3.01256 9.15598 1.67762
1 3.01055 9.15551 1.6751
1.01 3.01059 9.16257 1.67381
1.02 3.0109 9.14834 1.67299
1.03 3.01085 9.15802 1.6722
1.04 3.01159 9.15143 1.67159
1.05 3.01004 9.14172 1.66988
1.06 3.00892 9.15243 1.66414
1.07 3.01024 9.1484 1.67007
1.08 3.01017 9.13986 1.66992
1.09 3.00922 9.13221 1.66384
1.1 3.00843 9.12995 1.65996
1.11 3.00948 9.13939 1.66946
1.12 3.00941 9.13564 1.66715
1.13 3.00951 9.1312 1.66769
1.14 3.00921 9.13433 1.66405
1.15 3.00801 9.14579 1.66025
1.16 3.00837 9.13298 1.66214
1.17 3.00903 9.13411 1.66159
1.18 3.00735 9.14465 1.66055
1.19 3.00875 9.12556 1.6661
