0.2 3.08501 9.72897 1.85666
0.21 3.11398 9.968 1.92298
0.22 3.10967 9.9411 1.91474
0.23 3.10673 9.90928 1.90724
0.24 3.10187 9.87311 1.90026
0.25 3.09668 9.84578 1.89202
0.26 3.0976 9.83593 1.89187
0.26 3.09213 9.83465 1.88228
0.27 3.08969 9.79591 1.87731
0.28 3.0895 9.77723 1.87568
0.29 3.08664 9.76439 1.87339
0.3 3.08208 9.73697 1.86275
0.31 3.081 9.70715 1.86091
0.32 3.07841 9.69052 1.85662
0.33 3.07572 9.66897 1.84817
0.34 3.07511 9.65989 1.84553
0.35 3.07339 9.64579 1.84296
0.36 3.07072 9.63026 1.84003
0.37 3.07004 9.63042 1.8396
0.39 3.06778 9.60335 1.83269
0.4 3.06413 9.58774 1.82498
0.41 3.06426 9.57448 1.82542
0.42 3.05972 9.56941 1.81885
0.43 3.05868 9.54756 1.81478
0.44 3.05856 9.53802 1.81296
0.45 3.05866 9.5345 1.81373
0.46 3.05862 9.52161 1.80958
0.47 3.05843 9.52861 1.81407
0.48 3.05743 9.52627 1.80986
0.49 3.05337 9.49107 1.79969
0.49 3.05195 9.47852 1.79732
0.5 3.05115 9.48043 1.79597
0.53 3.04908 9.46559 1.79379
0.54 3.04991 9.46944 1.79208
0.55 3.04773 9.47736 1.78823
0.55 3.04692 9.44646 1.78625
0.57 3.04468 9.42811 1.77949
0.58 3.04603 9.44162 1.78518
0.59 3.04507 9.42329 1.77941
0.6 3.04107 9.40033 1.7716
0.61 3.04624 9.42545 1.78309
0.61 3.04154 9.40013 1.7713
0.63 3.04137 9.39956 1.76758
0.64 3.04079 9.39497 1.76807
0.65 3.04115 9.41846 1.77423
0.66 3.03968 9.39304 1.76786
0.67 3.03831 9.37315 1.76545
0.68 3.03775 9.38486 1.76376
0.69 3.03794 9.36909 1.76192
0.7 3.03688 9.37781 1.76058
0.71 3.03754 9.36663 1.76225
0.7 3.03644 9.36151 1.7604
0.71 3.03688 9.35105 1.76286
0.72 3.03785 9.36898 1.75986
0.73 3.03483 9.3619 1.75293
0.74 3.0355 9.34754 1.75558
0.75 3.03444 9.33254 1.75162
0.76 3.03595 9.34746 1.7562
0.77 3.03337 9.32735 1.74975
0.78 3.03264 9.34049 1.74843
0.79 3.03271 9.32152 1.7479
0.82 3.03342 9.32144 1.74998
0.83 3.03076 9.30998 1.74591
0.82 3.03081 9.30353 1.74122
0.83 3.03109 9.3095 1.74356
0.86 3.02884 9.31157 1.74026
0.85 3.0301 9.30274 1.73836
0.88 3.0304 9.29546 1.74324
0.89 3.0289 9.29188 1.73992
0.88 3.02805 9.29358 1.73284
0.89 3.02853 9.28442 1.73546
0.9 3.02798 9.29192 1.7339
0.91 3.02821 9.28274 1.73186
0.92 3.02795 9.29507 1.73172
0.93 3.02821 9.29098 1.73357
0.94 3.02705 9.26938 1.73182
0.95 3.02786 9.27407 1.73062
0.96 3.0231 9.26128 1.7262
0.99 3.02498 9.26333 1.72776
1 3.02561 9.26288 1.72761
1.01 3.02533 9.25447 1.72281
1.02 3.0252 9.2558 1.72607
1.03 3.02634 9.26336 1.73116
1.04 3.0224 9.23458 1.71629
1.03 3.02528 9.26307 1.73
1.04 3.02422 9.25337 1.72079
1.07 3.02477 9.24937 1.72472
1.08 3.02273 9.23887 1.72136
1.09 3.02418 9.24857 1.72068
1.1 3.02388 9.24093 1.71604
1.11 3.02365 9.25552 1.72287
1.12 3.02218 9.23479 1.71753
1.13 3.02219 9.23378 1.71913
1.14 3.02348 9.25248 1.71875
1.15 3.02346 9.26078 1.72295
1.16 3.02067 9.22511 1.71252
1.17 3.0207 9.22569 1.71253
1.18 3.02003 9.25546 1.7153
1.19 3.02261 9.22598 1.71662
0.2 3.02683 9.27658 1.72688
