MCC  <E>  <E^2>
________________________
1 2.30631 5.31904
2 2.44952 6.02067
3 2.52186 6.38392
4 2.64037 7.03178
5 2.71147 7.42049
6 2.76405 7.71079
7 2.75342 7.64272
8 2.72226 7.4712
9 2.67242 7.2155
10 2.66313 7.15932
11 2.65552 7.11335
12 2.64919 7.07505
13 2.62235 6.93784
14 2.61516 6.89651
15 2.60894 6.8607
16 2.63792 7.02202
17 2.6635 7.16436
18 2.70468 7.41032
19 2.71807 7.48115
20 2.75211 7.68474
21 2.77778 7.83462
22 2.79926 7.95869
23 2.80936 8.01222
24 2.80875 8.00386
25 2.8082 7.99616
26 2.80968 8.00029
27 2.81105 8.00412
28 2.81173 8.00428
29 2.82001 8.04949
30 2.82775 8.09169
31 2.82699 8.08431
32 2.82845 8.08975
33 2.83842 8.14674
34 2.8439 8.17619
35 2.85273 8.22665
36 2.86518 8.30078
37 2.86978 8.32543
38 2.87242 8.3385
39 2.87426 8.34694
40 2.876 8.35496
41 2.87465 8.34523
42 2.87337 8.33597
43 2.87214 8.32714
44 2.87097 8.31871
45 2.87171 8.32125
46 2.87155 8.31871
47 2.8733 8.32735
48 2.88362 8.39031
49 2.89981 8.49496
50 2.92533 8.6738
51 2.95658 8.90421
52 2.97627 9.03764
53 2.99521 9.16604
54 3.01345 9.28968
55 3.03103 9.40883
56 3.04798 9.52372
57 3.06639 9.65111
58 3.07858 9.7302
59 3.09035 9.80661
60 3.10048 9.87107
61 3.10848 9.92033
62 3.12457 10.0323
63 3.13887 10.1303
64 3.15117 10.2128
65 3.17078 10.3571
66 3.18981 10.497
67 3.20826 10.6328
68 3.2322 10.8203
69 3.24184 10.8837
70 3.25728 10.9951
71 3.26988 11.083
72 3.281 11.1593
73 3.28983 11.2175
74 3.30202 11.3033
75 3.30566 11.323
76 3.3092 11.3422
77 3.31278 11.3617
78 3.31626 11.3808
79 3.31965 11.3994
80 3.32265 11.4152
81 3.32594 11.4333
82 3.32915 11.451
83 3.33228 11.4682
84 3.32922 11.4443
85 3.32445 11.4102
86 3.31979 11.377
87 3.31348 11.3344
88 3.30841 11.2991
89 3.30659 11.2833
90 3.3048 11.2679
91 3.30476 11.2638
92 3.30228 11.2443
93 3.29984 11.2251
94 3.29877 11.2146
95 3.29773 11.2043
96 3.29355 11.175
97 3.28827 11.1395
98 3.28419 11.111
99 3.27803 11.071
100 3.272 11.0318
101 3.26608 10.9934
102 3.25881 10.9481
103 3.25308 10.9109
104 3.24503 10.8621
105 3.23713 10.8143
106 3.23087 10.7747
107 3.22473 10.7359
108 3.22045 10.7072
109 3.21671 10.6816
110 3.21445 10.6646
111 3.21249 10.6494
112 3.21075 10.6356
113 3.20804 10.6161
114 3.20538 10.597
115 3.20292 10.5791
116 3.20099 10.5645
117 3.19909 10.55
118 3.19723 10.5358
119 3.19643 10.5282
120 3.19665 10.527
121 3.19686 10.5258
122 3.19497 10.5116
123 3.19359 10.5006
124 3.19283 10.4933
125 3.19207 10.4862
126 3.19133 10.4791
127 3.18956 10.4659
128 3.18781 10.4529
129 3.18482 10.4328
130 3.18284 10.4184
131 3.18088 10.4042
132 3.17939 10.3929
133 3.18093 10.4008
134 3.17999 10.3929
135 3.18307 10.4117
136 3.18611 10.4302
137 3.18814 10.4417
138 3.18925 10.4469
139 3.18933 10.4454
140 3.189 10.4414
141 3.18745 10.4299
142 3.18338 10.4044
143 3.18017 10.3836
144 3.17782 10.3675
145 3.17494 10.3486
146 3.17351 10.338
147 3.17209 10.3274
148 3.17038 10.3153
149 3.16781 10.2981
150 3.1654 10.282
151 3.16107 10.2557
152 3.15575 10.2246
153 3.1505 10.194
154 3.14532 10.1637
155 3.1402 10.1338
156 3.13462 10.1019
157 3.13102 10.0796
158 3.12863 10.0638
159 3.12575 10.0453
160 3.1229 10.0271
161 3.12051 10.0114
162 3.11814 9.99583
163 3.11676 9.98584
164 3.1165 9.98257
165 3.11827 9.99252
166 3.12057 10.0061
167 3.12284 10.0195
168 3.12341 10.0215
169 3.12397 10.0235
170 3.12277 10.0147
171 3.12434 10.0234
172 3.12731 10.0419
173 3.13193 10.073
174 3.1365 10.1038
175 3.14513 10.1694
176 3.15295 10.2278
177 3.16077 10.2863
178 3.16883 10.3472
179 3.17681 10.4074
180 3.18423 10.4627
181 3.19137 10.5156
182 3.19843 10.568
183 3.20541 10.6197
184 3.20813 10.6366
185 3.21048 10.6509
186 3.213 10.6664
187 3.21549 10.6817
188 3.21651 10.6867
189 3.21821 10.6963
190 3.21988 10.7058
191 3.21876 10.697
192 3.21782 10.6894
193 3.21689 10.6818
194 3.21424 10.6645
195 3.21148 10.6465
196 3.21029 10.6374
197 3.20911 10.6284
198 3.20766 10.6179
199 3.20623 10.6075
200 3.20482 10.5972
201 3.20578 10.6019
202 3.20884 10.6218
203 3.21383 10.6573
204 3.21901 10.6944
205 3.22442 10.7337
206 3.23103 10.7837
207 3.23802 10.8373
208 3.24494 10.8903
209 3.2516 10.9411
210 3.25827 10.9921
211 3.26488 11.0426
212 3.27143 11.0926
213 3.27832 11.146
214 3.28506 11.198
215 3.29173 11.2496
216 3.2993 11.3098
217 3.30842 11.3862
218 3.31585 11.4453
219 3.32321 11.504
220 3.33011 11.5582
221 3.33501 11.5939
222 3.33986 11.6294
223 3.3468 11.6844
224 3.35161 11.7197
225 3.35639 11.7546
226 3.36112 11.7893
227 3.36684 11.833
228 3.36868 11.844
229 3.3705 11.8549
230 3.37231 11.8656
231 3.37396 11.8753
232 3.37774 11.902
233 3.38312 11.9429
234 3.38845 11.9835
235 3.39373 12.0238
236 3.39898 12.0637
237 3.40196 12.0839
238 3.40254 12.0858
239 3.40259 12.084
240 3.40214 12.0789
241 3.4017 12.0739
242 3.39927 12.0566
243 3.39593 12.0346
244 3.39278 12.0136
245 3.39023 11.9958
246 3.38703 11.9746
247 3.38421 11.9554
248 3.38141 11.9364
249 3.38001 11.9254
250 3.37689 11.9047
251 3.37408 11.8857
252 3.3713 11.8669
253 3.36759 11.8434
254 3.36411 11.8211
255 3.36066 11.7989
256 3.3567 11.7743
257 3.35301 11.7511
258 3.34934 11.728
259 3.34541 11.7037
260 3.34158 11.6799
261 3.33756 11.6553
262 3.33378 11.6319
263 3.33017 11.6092
264 3.32625 11.5852
265 3.32314 11.5651
266 3.32005 11.5452
267 3.31698 11.5254
268 3.31344 11.5033
269 3.31096 11.4865
270 3.3085 11.4699
271 3.30552 11.4507
272 3.30205 11.4291
273 3.29869 11.4081
274 3.29494 11.3853
275 3.29164 11.3646
276 3.2892 11.3482
277 3.28678 11.332
278 3.28438 11.3159
279 3.28265 11.3035
280 3.28094 11.2912
281 3.27901 11.2777
282 3.27837 11.2718
283 3.27716 11.2624
284 3.27596 11.2531
285 3.27548 11.2482
286 3.27413 11.2381
287 3.27255 11.2267
288 3.27098 11.2153
289 3.27001 11.2074
290 3.26903 11.1995
291 3.26772 11.1897
292 3.26645 11.1801
293 3.26416 11.165
294 3.26188 11.1499
295 3.25968 11.1352
296 3.25832 11.1251
297 3.25652 11.1127
298 3.25473 11.1003
299 3.25323 11.0895
300 3.25226 11.0818
301 3.25002 11.067
302 3.2478 11.0524
303 3.2452 11.0359
304 3.24256 11.0192
305 3.24044 11.0052
306 3.23792 10.9892
307 3.23507 10.9716
308 3.23224 10.9541
309 3.23063 10.9428
310 3.22845 10.9286
311 3.2266 10.9161
312 3.22497 10.9048
313 3.22335 10.8935
314 3.22226 10.8853
315 3.22196 10.8817
316 3.22098 10.8742
317 3.22 10.8666
318 3.21904 10.8591
319 3.21769 10.8495
320 3.21689 10.843
321 3.21616 10.8369
322 3.21542 10.8308
323 3.21401 10.8209
324 3.21201 10.8078
325 3.21005 10.7949
326 3.20751 10.7792
327 3.20548 10.7661
328 3.20349 10.7531
329 3.20193 10.7424
330 3.20134 10.7373
331 3.20178 10.7387
332 3.20168 10.7366
333 3.20158 10.7345
334 3.20077 10.728
335 3.20013 10.7226
336 3.20074 10.7252
337 3.20078 10.7241
338 3.20082 10.7229
339 3.20086 10.7218
340 3.2009 10.7206
341 3.20158 10.7237
342 3.20147 10.7216
343 3.2007 10.7155
344 3.19969 10.7081
345 3.1987 10.7007
346 3.19723 10.6907
347 3.19484 10.676
348 3.19258 10.662
349 3.19037 10.6482
350 3.18817 10.6346
351 3.18581 10.6201
352 3.18409 10.6089
353 3.18238 10.5977
354 3.18048 10.5855
355 3.17889 10.575
356 3.17732 10.5646
357 3.17576 10.5542
358 3.17465 10.5463
359 3.17354 10.5384
360 3.17244 10.5305
361 3.17134 10.5227
362 3.17004 10.5138
363 3.16873 10.5049
364 3.16744 10.496
365 3.16653 10.4893
366 3.16591 10.4842
367 3.16509 10.478
368 3.16426 10.4718
369 3.16477 10.4738
370 3.16532 10.4762
371 3.1649 10.4724
372 3.16449 10.4686
373 3.16375 10.4629
374 3.16338 10.4594
375 3.16311 10.4565
376 3.16369 10.4591
377 3.16386 10.459
378 3.16334 10.4546
379 3.16251 10.4485
380 3.16169 10.4423
381 3.16182 10.442
382 3.16195 10.4417
383 3.16119 10.436
384 3.16045 10.4303
385 3.15991 10.4258
386 3.15997 10.4251
387 3.15923 10.4195
388 3.159 10.4169
389 3.15878 10.4144
390 3.15786 10.4078
391 3.15752 10.4047
392 3.15747 10.4032
393 3.15773 10.4037
394 3.15737 10.4004
395 3.15756 10.4006
396 3.15862 10.4066
397 3.15953 10.4116
398 3.16023 10.4152
399 3.1592 10.408
400 3.15812 10.4006
401 3.15704 10.3932
402 3.15597 10.3858
403 3.15487 10.3783
404 3.15372 10.3705
405 3.15257 10.3627
406 3.15133 10.3545
407 3.14966 10.3441
408 3.14785 10.333
409 3.14596 10.3215
410 3.14416 10.3105
411 3.14212 10.2983
412 3.14012 10.2864
413 3.13856 10.2765
414 3.13683 10.2659
415 3.13533 10.2564
416 3.13385 10.247
417 3.13237 10.2376
418 3.13062 10.2269
419 3.12924 10.218
420 3.12786 10.2092
421 3.126 10.198
422 3.12435 10.1878
423 3.12287 10.1785
424 3.12114 10.168
425 3.1194 10.1574
426 3.11725 10.1449
427 3.11518 10.1328
428 3.11315 10.121
429 3.11156 10.1111
430 3.10997 10.1013
431 3.10887 10.0941
432 3.10777 10.0867
433 3.10667 10.0794
434 3.10567 10.0727
435 3.10469 10.066
436 3.10467 10.0649
437 3.10573 10.071
438 3.10679 10.0771
439 3.10709 10.078
440 3.10738 10.0789
441 3.10769 10.0799
442 3.1089 10.0871
443 3.1101 10.0943
444 3.1113 10.1014
445 3.11399 10.1205
446 3.11668 10.1394
447 3.11935 10.1583
448 3.12201 10.1771
449 3.12377 10.1886
450 3.12644 10.2075
451 3.12917 10.227
452 3.13235 10.2505
453 3.13552 10.2739
454 3.13872 10.2977
455 3.14151 10.3178
456 3.14314 10.3282
457 3.14476 10.3386
458 3.1471 10.3549
459 3.14893 10.3669
460 3.14965 10.3707
461 3.15005 10.3724
462 3.15003 10.3712
463 3.15001 10.3701
464 3.14998 10.369
465 3.15005 10.3685
466 3.14992 10.3667
467 3.14979 10.365
468 3.14992 10.3648
469 3.14997 10.3642
470 3.15056 10.3671
471 3.15114 10.37
472 3.15172 10.3729
473 3.15194 10.3734
474 3.15198 10.3727
475 3.15167 10.3699
476 3.15123 10.3663
477 3.15085 10.363
478 3.15047 10.3598
479 3.1501 10.3566
480 3.14972 10.3534
481 3.1488 10.3471
482 3.14832 10.3433
483 3.14766 10.3385
484 3.14665 10.3317
485 3.14512 10.3223
486 3.14312 10.3108
487 3.1412 10.2997
488 3.13929 10.2886
489 3.13758 10.2784
490 3.13605 10.269
491 3.13451 10.2597
492 3.13343 10.2525
493 3.13315 10.25
494 3.13325 10.2497
495 3.13313 10.2481
496 3.13301 10.2465
497 3.13288 10.2448
498 3.13275 10.2431
499 3.13262 10.2414
500 3.13249 10.2398
501 3.13263 10.2398
502 3.13277 10.2399
503 3.13201 10.2346
504 3.13137 10.2299
505 3.13046 10.2238
506 3.12952 10.2175
507 3.12889 10.213
508 3.12798 10.2068
509 3.12707 10.2008
510 3.1261 10.1943
511 3.12558 10.1904
512 3.12505 10.1864
513 3.12453 10.1824
514 3.12371 10.1768
515 3.12288 10.1712
516 3.12217 10.1662
517 3.12129 10.1603
518 3.12041 10.1544
519 3.1195 10.1484
520 3.11867 10.1427
521 3.11754 10.1356
522 3.11591 10.126
523 3.11429 10.1165
524 3.11348 10.111
525 3.11303 10.1075
526 3.11258 10.104
527 3.11233 10.1017
528 3.11163 10.0968
529 3.11108 10.0927
530 3.11033 10.0876
531 3.10897 10.0794
532 3.1076 10.071
533 3.10605 10.0619
534 3.10484 10.0544
535 3.10364 10.0469
536 3.10232 10.0389
537 3.101 10.0309
538 3.09966 10.0228
539 3.09814 10.0138
540 3.09647 10.0042
541 3.09504 9.9957
542 3.09384 9.98827
543 3.0927 9.98115
544 3.09156 9.97406
545 3.09009 9.9654
546 3.08882 9.95767
547 3.08827 9.95365
548 3.08772 9.94964
549 3.08717 9.94565
550 3.08704 9.94413
551 3.08692 9.94262
552 3.08679 9.94112
553 3.08682 9.94057
554 3.08686 9.94002
555 3.08747 9.94328
556 3.08861 9.95031
557 3.08975 9.95733
558 3.09219 9.97496
559 3.09394 9.98677
560 3.09451 9.98974
561 3.09508 9.9927
562 3.0957 9.99605
563 3.09556 9.99448
564 3.09543 9.99291
565 3.09519 9.99074
566 3.09544 9.99158
567 3.09563 9.99205
568 3.09609 9.99435
569 3.09598 9.99296
570 3.09586 9.99151
571 3.09574 9.99007
572 3.09563 9.98863
573 3.09475 9.98293
574 3.09457 9.98113
575 3.09375 9.97573
576 3.09293 9.97035
577 3.09211 9.96498
578 3.0912 9.95911
579 3.09004 9.95206
580 3.08929 9.94704
581 3.08873 9.94303
582 3.08816 9.93903
583 3.08736 9.93377
584 3.08637 9.92752
585 3.08534 9.92113
586 3.08406 9.91348
587 3.08311 9.90749
588 3.08196 9.90047
589 3.08081 9.8935
590 3.07948 9.88565
591 3.07828 9.87844
592 3.07722 9.87189
593 3.07658 9.8675
594 3.07593 9.86313
595 3.07481 9.85629
596 3.07373 9.84967
597 3.07267 9.84315
598 3.07231 9.84031
599 3.07194 9.83748
600 3.0715 9.83424
601 3.07103 9.83082
602 3.0711 9.83059
603 3.07072 9.82765
604 3.07088 9.828
605 3.07038 9.82442
606 3.07084 9.82669
607 3.07139 9.8296
608 3.07098 9.82657
609 3.0701 9.82096
610 3.06967 9.81781
611 3.06921 9.81449
612 3.06946 9.81536
613 3.06894 9.81169
614 3.06842 9.80803
615 3.06829 9.80665
616 3.06799 9.80422
617 3.06769 9.8018
618 3.06739 9.79938
619 3.06672 9.79492
620 3.06606 9.79048
621 3.06518 9.78493
622 3.06389 9.77744
623 3.0626 9.76997
624 3.06132 9.76253
625 3.06005 9.75511
626 3.05875 9.74761
627 3.0579 9.74224
628 3.05715 9.73738
629 3.05617 9.73135
630 3.05501 9.72447
631 3.05401 9.7184
632 3.05292 9.71185
633 3.05234 9.7079
634 3.05188 9.70464
635 3.05151 9.70186
636 3.051 9.69828
637 3.05078 9.69638
638 3.05057 9.69448
639 3.05045 9.69316
640 3.05004 9.69015
641 3.0502 9.69054
642 3.05002 9.68889
643 3.04989 9.6875
644 3.0496 9.68518
645 3.04931 9.68287
646 3.04902 9.68056
647 3.04881 9.6787
648 3.04859 9.67683
649 3.04785 9.67206
650 3.04733 9.66849
651 3.04729 9.66766
652 3.04695 9.66507
653 3.0467 9.66298
654 3.04644 9.6609
655 3.0464 9.66006
656 3.04659 9.66067
657 3.0463 9.65836
658 3.04672 9.66048
659 3.04727 9.66346
660 3.04778 9.66614
661 3.04828 9.66882
662 3.04838 9.66883
663 3.04846 9.66879
664 3.04927 9.6736
665 3.05008 9.67839
666 3.05049 9.68044
667 3.05129 9.68519
668 3.05209 9.68992
669 3.05336 9.6982
670 3.05463 9.70645
671 3.05608 9.71624
672 3.05717 9.72311
673 3.05791 9.72746
674 3.05876 9.73253
675 3.05959 9.73757
676 3.06003 9.73979
677 3.06015 9.74
678 3.05999 9.73851
679 3.05984 9.73702
680 3.05957 9.73485
681 3.05904 9.73126
682 3.05861 9.72822
683 3.05818 9.7252
684 3.0572 9.71931
685 3.05622 9.71344
686 3.05527 9.70766
687 3.05466 9.70368
688 3.05413 9.70008
689 3.05357 9.69636
690 3.05302 9.69266
691 3.05247 9.68897
692 3.05182 9.68477
693 3.0511 9.68017
694 3.0503 9.67522
695 3.04935 9.66949
696 3.04821 9.66294
697 3.04708 9.6564
698 3.04597 9.64995
699 3.04488 9.64362
700 3.04367 9.63674
701 3.04256 9.63031
702 3.04145 9.62391
703 3.04058 9.61861
704 3.03993 9.61444
705 3.03946 9.61118
706 3.03945 9.61061
707 3.03967 9.61144
708 3.03995 9.61269
709 3.04024 9.61394
710 3.04044 9.61468
711 3.04031 9.61337
712 3.04008 9.61154
713 3.03983 9.60949
714 3.03973 9.60838
715 3.03977 9.6081
716 3.03941 9.60552
717 3.03906 9.60294
718 3.0387 9.60037
719 3.03845 9.59839
720 3.03843 9.59775
721 3.03844 9.59729
722 3.03845 9.59684
723 3.0378 9.59269
724 3.03715 9.58855
725 3.03648 9.58428
726 3.0358 9.58003
727 3.03552 9.57789
728 3.03511 9.57501
729 3.0347 9.57214
730 3.03448 9.57036
731 3.03427 9.56858
732 3.03419 9.56761
733 3.03451 9.56916
734 3.03542 9.5748
735 3.03711 9.58665
736 3.0385 9.59606
737 3.03984 9.60502
738 3.04118 9.61396
739 3.04251 9.62287
740 3.04384 9.63175
741 3.04516 9.64062
742 3.04648 9.64945
743 3.0478 9.65827
744 3.04896 9.66588
745 3.05029 9.67481
746 3.05157 9.68332
747 3.05284 9.69181
748 3.05488 9.70688
749 3.05676 9.72052
750 3.05864 9.73412
751 3.06068 9.74922
752 3.06262 9.76343
753 3.06395 9.77237
754 3.06527 9.78129
755 3.06659 9.79019
756 3.0679 9.79906
757 3.06922 9.8079
758 3.07061 9.81741
759 3.07177 9.82508
760 3.07289 9.83241
761 3.07401 9.83971
762 3.07543 9.84945
763 3.07716 9.86189
764 3.07889 9.8743
765 3.08031 9.88408
766 3.08139 9.89112
767 3.08247 9.89815
768 3.08283 9.89996
769 3.08328 9.90237
770 3.08337 9.90236
771 3.08329 9.90139
772 3.08327 9.90074
773 3.08369 9.90294
774 3.08413 9.90531
775 3.08407 9.90442
776 3.08392 9.90301
777 3.08377 9.90161
778 3.08381 9.90136
779 3.08376 9.90053
780 3.0837 9.89971
781 3.08365 9.89888
782 3.0836 9.89806
783 3.08321 9.8953
784 3.08283 9.89254
785 3.08273 9.89147
786 3.0825 9.88957
787 3.08224 9.88757
788 3.08221 9.88688
789 3.08218 9.88619
790 3.08215 9.88551
791 3.08212 9.88482
792 3.08196 9.88339
793 3.0818 9.88196
794 3.08165 9.88054
795 3.08149 9.87912
796 3.08134 9.8777
797 3.08113 9.87597
798 3.08092 9.87424
799 3.08029 9.8702
800 3.07949 9.86528
801 3.07869 9.86042
802 3.07808 9.85648
803 3.07747 9.85255
804 3.0769 9.84881
805 3.07655 9.8463
806 3.07616 9.84356
807 3.07578 9.84083
808 3.07545 9.83842
809 3.07481 9.83438
810 3.07459 9.83261
811 3.07486 9.83384
812 3.07565 9.83871
813 3.077 9.84804
814 3.07809 9.85522
815 3.07835 9.85641
816 3.07899 9.86021
817 3.07963 9.86404
818 3.08027 9.86786
819 3.08091 9.87166
820 3.08129 9.87365
821 3.08165 9.87554
822 3.08201 9.87743
823 3.08234 9.87909
824 3.08259 9.8802
825 3.08409 9.89088
826 3.08446 9.89276
827 3.08482 9.89465
828 3.08486 9.89444
829 3.08484 9.89385
830 3.08482 9.89327
831 3.08459 9.89147
832 3.08412 9.88828
833 3.08364 9.8851
834 3.08333 9.8828
835 3.08292 9.87993
836 3.0825 9.87706
837 3.08239 9.87594
838 3.08221 9.87442
839 3.0819 9.87215
840 3.08159 9.86989
841 3.08112 9.86673
842 3.08065 9.86358
843 3.0801 9.86
844 3.07955 9.85639
845 3.07899 9.85279
846 3.07809 9.84746
847 3.07722 9.84231
848 3.0769 9.83999
849 3.07658 9.83766
850 3.07598 9.83388
851 3.0757 9.83177
852 3.07553 9.83031
853 3.07543 9.82929
854 3.07504 9.82655
855 3.07452 9.82316
856 3.07461 9.82327
857 3.07519 9.82669
858 3.07572 9.8298
859 3.07633 9.83343
860 3.07686 9.83648
861 3.07768 9.84171
862 3.07906 9.85142
863 3.08045 9.86119
864 3.08183 9.87095
865 3.08341 9.88237
866 3.08409 9.88656
867 3.08481 9.89101
868 3.08508 9.8923
869 3.08569 9.89595
870 3.0863 9.8996
871 3.0869 9.90323
872 3.08704 9.90363
873 3.08706 9.90335
874 3.08708 9.90308
875 3.08685 9.90125
876 3.08661 9.89942
877 3.08638 9.89759
878 3.08618 9.89595
879 3.08628 9.89617
880 3.08587 9.8934
881 3.08527 9.88957
882 3.08488 9.88686
883 3.08448 9.88412
884 3.08431 9.8827
885 3.08467 9.88461
886 3.08503 9.88651
887 3.08495 9.88565
888 3.08488 9.88478
889 3.08481 9.88392
890 3.08526 9.8865
891 3.08644 9.89461
892 3.08749 9.90166
893 3.08854 9.90868
894 3.08958 9.9157
895 3.09105 9.92631
896 3.09252 9.9369
897 3.09322 9.94122
898 3.09371 9.94405
899 3.09482 9.95164
900 3.096 9.95974
901 3.09711 9.96733
902 3.09859 9.97811
903 3.09968 9.98546
904 3.10122 9.99678
905 3.10276 10.0081
906 3.10501 10.0262
907 3.10754 10.0472
908 3.10963 10.0638
909 3.11184 10.0816
910 3.11382 10.097
911 3.11661 10.121
912 3.11939 10.1449
913 3.12216 10.1688
914 3.12493 10.1926
915 3.12769 10.2164
916 3.12985 10.2337
917 3.13143 10.2454
918 3.13316 10.2585
919 3.13486 10.2713
920 3.13655 10.2841
921 3.13824 10.2968
922 3.13945 10.3053
923 3.14065 10.3137
924 3.14185 10.322
925 3.14353 10.3348
926 3.1453 10.3483
927 3.14695 10.3607
928 3.14831 10.3704
929 3.1496 10.3796
930 3.15059 10.3863
931 3.15158 10.3929
932 3.15257 10.3996
933 3.15326 10.4039
934 3.15396 10.4083
935 3.1546 10.4122
936 3.15525 10.4162
937 3.15589 10.4201
938 3.15682 10.4263
939 3.15739 10.4297
940 3.15784 10.4323
941 3.15773 10.4311
942 3.15746 10.429
943 3.15707 10.4262
944 3.15687 10.4245
945 3.15642 10.4213
946 3.15571 10.4168
947 3.155 10.4124
948 3.1544 10.4084
949 3.15375 10.4043
950 3.15329 10.401
951 3.15252 10.3963
952 3.1517 10.3913
953 3.15079 10.3858
954 3.15027 10.3823
955 3.15 10.3802
956 3.14972 10.378
957 3.14917 10.3744
958 3.14849 10.3701
959 3.14781 10.3658
960 3.14722 10.3619
961 3.14663 10.358
962 3.1459 10.3535
963 3.1451 10.3486
964 3.14445 10.3444
965 3.14389 10.3408
966 3.14308 10.3358
967 3.14242 10.3317
968 3.14163 10.3268
969 3.14084 10.322
970 3.14019 10.3178
971 3.13954 10.3137
972 3.13914 10.3109
973 3.13836 10.3061
974 3.13748 10.3008
975 3.13689 10.297
976 3.13631 10.2932
977 3.13588 10.2903
978 3.13571 10.2887
979 3.13573 10.2884
980 3.13577 10.2882
981 3.1358 10.2879
982 3.13574 10.2871
983 3.13593 10.2878
984 3.1358 10.2866
985 3.13567 10.2854
986 3.13525 10.2824
987 3.13508 10.2809
988 3.13492 10.2795
989 3.13527 10.2814
990 3.13563 10.2832
991 3.13581 10.284
992 3.136 10.2847
993 3.13654 10.288
994 3.13687 10.2897
995 3.1372 10.2914
996 3.13783 10.2954
997 3.13846 10.2993
998 3.13903 10.3027
999 3.13957 10.3059
1000 3.14011 10.3092
