0.24 3.20744 10.9357 1.45621
0.25 3.21189 10.9496 1.45383
0.26 3.20533 10.9039 1.44812
0.27 3.20859 10.9185 1.44787
0.28 3.21611 10.9708 1.43974
0.29 3.21172 10.9463 1.44217
0.3 3.21595 10.9642 1.43375
0.31 3.21835 10.9844 1.43052
0.32 3.22306 11.0095 1.43076
0.33 3.21569 10.9918 1.42148
0.32 3.22057 11.0652 1.41989
0.33 3.22085 11.0099 1.42439
0.34 3.22164 11.0078 1.4192
0.35 3.22132 11.0061 1.41695
0.36 3.21689 11.0508 1.41668
0.37 3.21944 11.0518 1.41275
0.38 3.22488 11.0408 1.40792
0.39 3.22139 11.0205 1.40804
0.4 3.22927 11.065 1.40472
0.43 3.23265 11.0904 1.40074
0.44 3.22376 11.0522 1.40138
0.45 3.22758 11.2559 1.39793
0.46 3.22945 11.1089 1.39313
0.47 3.22926 11.0675 1.39478
0.48 3.23142 11.1084 1.39006
0.49 3.22876 11.0955 1.39345
0.5 3.22712 11.1029 1.39014
0.51 3.23977 11.1601 1.38524
0.5 3.23272 11.1008 1.38411
0.53 3.23798 11.1316 1.38231
0.54 3.24234 11.1444 1.37892
0.55 3.23643 11.1221 1.37794
0.56 3.23416 11.1315 1.37903
0.57 3.24107 11.1462 1.37589
0.55 3.23605 11.1331 1.37772
0.57 3.23792 11.1905 1.37511
0.6 3.23947 11.1628 1.37486
0.58 3.24011 11.1865 1.37483
0.6 3.24425 11.2018 1.36964
0.61 3.24485 11.2067 1.37012
0.62 3.24548 11.1964 1.36911
0.63 3.2446 11.2067 1.36436
0.64 3.23796 11.1485 1.36899
0.65 3.24399 11.1801 1.36522
0.66 3.24532 11.2108 1.36554
0.67 3.24552 11.1994 1.36517
0.68 3.24309 11.1856 1.36372
0.69 3.2525 11.2413 1.35879
0.7 3.24985 11.2183 1.35541
0.71 3.24773 11.2095 1.36028
0.72 3.24342 11.1882 1.36216
0.73 3.25051 11.2364 1.3573
0.74 3.25056 11.2335 1.35237
0.75 3.2448 11.2067 1.35883
0.76 3.25106 11.2366 1.35387
0.77 3.24953 11.2694 1.35268
0.78 3.24759 11.2698 1.35271
0.79 3.25593 11.2717 1.34906
0.8 3.25684 11.2855 1.34748
0.81 3.25773 11.2707 1.34895
0.82 3.25983 11.2809 1.34813
0.83 3.24949 11.238 1.34745
0.84 3.2546 11.2792 1.34679
0.84 3.25985 11.2819 1.34253
0.88 3.2565 11.3083 1.34495
0.89 3.25106 11.2519 1.34839
0.88 3.25744 11.3308 1.34131
0.89 3.26302 11.3048 1.34204
0.9 3.25496 11.2836 1.34118
0.91 3.26124 11.3159 1.34013
0.92 3.2558 11.2769 1.34123
0.93 3.25929 11.283 1.33642
0.94 3.25674 11.2744 1.33762
0.95 3.2557 11.2865 1.34158
0.96 3.26442 11.3429 1.3342
0.97 3.25978 11.3004 1.33716
0.98 3.26323 11.3209 1.33626
0.99 3.26951 11.3449 1.32931
1 3.25984 11.3011 1.33551
1.01 3.25871 11.2868 1.33479
1.02 3.26385 11.3213 1.33322
1.03 3.26037 11.3385 1.33458
1.04 3.25962 11.3065 1.33362
1.04 3.26203 11.3262 1.33231
1.05 3.26823 11.3424 1.32788
1.06 3.26718 11.3513 1.32814
1.07 3.26839 11.3439 1.3329
1.08 3.26387 11.3211 1.3292
1.09 3.26315 11.3334 1.33192
1.1 3.26858 11.3655 1.32622
1.11 3.26151 11.3196 1.3285
1.12 3.26366 11.3151 1.32899
1.13 3.26011 11.3067 1.32967
1.14 3.26665 11.3367 1.32618
1.15 3.26671 11.3505 1.32514
1.17 3.25909 11.3029 1.33083
1.17 3.26793 11.3391 1.33614
1.18 3.23841 11.1353 1.38404
1.19 3.23993 11.1371 1.39119
0.2 3.2043 10.9182 1.4613
