MCC  <E>  <E^2>
________________________
1 3.16197 9.99808
2 3.19154 10.1868
3 3.20612 10.2802
4 3.21341 10.3269
5 3.20568 10.2773
6 3.19628 10.2175
7 3.18919 10.1723
8 3.18388 10.1385
9 3.17975 10.1122
10 3.1757 10.0864
11 3.16813 10.0389
12 3.15763 9.97354
13 3.14979 9.92461
14 3.12561 9.7802
15 3.11491 9.7143
16 3.10554 9.65663
17 3.09728 9.60575
18 3.08766 9.54714
19 3.07556 9.47447
20 3.06467 9.40907
21 3.05373 9.34376
22 3.04379 9.28439
23 3.03472 9.23017
24 3.01522 9.12008
25 2.99728 9.0188
26 2.98072 8.92531
27 2.96538 8.83874
28 2.95341 8.77013
29 2.94426 8.71687
30 2.93849 8.68231
31 2.9331 8.64999
32 2.92805 8.61969
33 2.92035 8.57516
34 2.91529 8.54511
35 2.90595 8.49241
36 2.89951 8.45514
37 2.89228 8.41382
38 2.88961 8.39739
39 2.88708 8.38179
40 2.88468 8.36698
41 2.88255 8.3538
42 2.88053 8.34124
43 2.88282 8.35365
44 2.88623 8.37286
45 2.88949 8.39121
46 2.89098 8.39902
47 2.89386 8.41515
48 2.89383 8.41414
49 2.8938 8.41317
50 2.8955 8.42236
51 2.89713 8.4312
52 2.8987 8.43969
53 2.90152 8.45577
54 2.90514 8.47676
55 2.90699 8.48701
56 2.90877 8.49689
57 2.90887 8.49689
58 2.91131 8.51078
59 2.91366 8.5242
60 2.91722 8.5451
61 2.92066 8.56532
62 2.92388 8.58426
63 2.92867 8.61311
64 2.9322 8.63404
65 2.93563 8.65433
66 2.93713 8.66278
67 2.93778 8.66605
68 2.9401 8.67955
69 2.94091 8.68385
70 2.94191 8.68929
71 2.94288 8.69457
72 2.94517 8.70798
73 2.9474 8.72102
74 2.9496 8.73387
75 2.95174 8.74639
76 2.95339 8.75592
77 2.95501 8.76521
78 2.95689 8.77619
79 2.95809 8.78298
80 2.95926 8.7896
81 2.9604 8.79606
82 2.96151 8.80236
83 2.9626 8.8085
84 2.96366 8.8145
85 2.96469 8.82036
86 2.96522 8.82318
87 2.96574 8.82593
88 2.96625 8.82862
89 2.96685 8.83188
90 2.96744 8.83508
91 2.96919 8.84539
92 2.97089 8.85548
93 2.97333 8.87021
94 2.97572 8.88462
95 2.97806 8.89874
96 2.97984 8.90933
97 2.98165 8.92013
98 2.98371 8.93255
99 2.98611 8.94713
100 2.98846 8.96141
101 2.99038 8.97293
102 2.99225 8.98423
103 2.99329 8.99022
104 2.9943 8.9961
105 2.99529 9.00187
106 2.99609 9.00644
107 2.99783 9.0169
108 2.99866 9.02164
109 2.99914 9.02428
110 2.99906 9.02353
111 3.00082 9.0342
112 3.00136 9.0372
113 3.00196 9.04058
114 3.00183 9.03954
115 3.0017 9.03852
116 3.00115 9.03499
117 3.00216 9.04096
118 3.00141 9.03629
119 3.00067 9.03169
120 2.99995 9.02718
121 3.00007 9.02767
122 3.00093 9.03269
123 3.00177 9.03762
124 3.00265 9.0428
125 3.00232 9.04062
126 3.00158 9.036
127 3.00116 9.0333
128 2.99974 9.02481
129 2.99978 9.02484
130 2.99981 9.02487
131 2.99984 9.02483
132 2.999 9.01969
133 2.99817 9.01462
134 2.9974 9.00989
135 2.99805 9.01364
136 2.99869 9.01734
137 2.99988 9.02449
138 3.0015 9.03437
139 3.00309 9.04411
140 3.00497 9.05571
141 3.00606 9.06226
142 3.00597 9.06151
143 3.00728 9.0695
144 3.00858 9.07737
145 3.01021 9.08738
146 3.01182 9.09726
147 3.01341 9.107
148 3.0152 9.11809
149 3.01664 9.12691
150 3.0175 9.13203
151 3.01835 9.13709
152 3.0196 9.14474
153 3.02084 9.15229
154 3.02154 9.15642
155 3.02224 9.16051
156 3.02292 9.16454
157 3.02369 9.1691
158 3.02444 9.1736
159 3.02587 9.18237
160 3.02708 9.18976
161 3.02827 9.19706
162 3.02945 9.20428
163 3.03062 9.2114
164 3.03161 9.21742
165 3.03259 9.22336
166 3.0333 9.22757
167 3.03363 9.22941
168 3.03395 9.23124
169 3.03427 9.23304
170 3.03487 9.23658
171 3.03459 9.23476
172 3.03467 9.23506
173 3.03454 9.23417
174 3.03465 9.23467
175 3.03476 9.23517
176 3.03542 9.23913
177 3.03608 9.24305
178 3.03673 9.24693
179 3.0374 9.25096
180 3.03803 9.25469
181 3.03864 9.25838
182 3.03913 9.26123
183 3.03987 9.2657
184 3.04035 9.2685
185 3.04101 9.27247
186 3.04192 9.27804
187 3.04282 9.28356
188 3.04371 9.28899
189 3.0446 9.29437
190 3.04532 9.29877
191 3.04606 9.30324
192 3.04679 9.30767
193 3.04724 9.31032
194 3.04755 9.31211
195 3.04797 9.31457
196 3.04821 9.31593
197 3.04869 9.31875
198 3.04931 9.32247
199 3.04961 9.32419
200 3.04993 9.32605
201 3.05022 9.32773
202 3.05104 9.33275
203 3.05185 9.33772
204 3.05186 9.33765
205 3.05191 9.33784
206 3.05197 9.33808
207 3.05232 9.34017
208 3.05306 9.34467
209 3.05379 9.34912
210 3.05451 9.35354
211 3.055 9.35646
212 3.05573 9.36094
213 3.0564 9.36501
214 3.05707 9.36904
215 3.05772 9.37304
216 3.05818 9.3758
217 3.05864 9.37853
218 3.05847 9.37738
219 3.0583 9.37625
220 3.05873 9.37883
221 3.05916 9.38138
222 3.05942 9.38292
223 3.05969 9.38444
224 3.05985 9.38531
225 3.05956 9.3835
226 3.05915 9.38092
227 3.05874 9.37836
228 3.05798 9.37371
229 3.05643 9.36469
230 3.05503 9.3565
231 3.05365 9.34838
232 3.05275 9.34301
233 3.0517 9.33672
234 3.05065 9.33048
235 3.04993 9.32612
236 3.04943 9.32299
237 3.04952 9.32347
238 3.04962 9.32395
239 3.04951 9.32323
240 3.04941 9.32252
241 3.04936 9.3221
242 3.04968 9.32395
243 3.05018 9.32698
244 3.05068 9.32999
245 3.05113 9.33272
246 3.05124 9.33327
247 3.05134 9.33382
248 3.05177 9.33638
249 3.05191 9.33714
250 3.05197 9.33743
251 3.05203 9.33772
252 3.0523 9.3393
253 3.05259 9.34099
254 3.05288 9.34268
255 3.05335 9.34552
256 3.05382 9.34835
257 3.05428 9.35115
258 3.05474 9.35393
259 3.05532 9.35743
260 3.05588 9.3609
261 3.05634 9.36365
262 3.05679 9.36639
263 3.05709 9.36812
264 3.05694 9.36716
265 3.05652 9.36452
266 3.05616 9.36229
267 3.05554 9.35852
268 3.05492 9.35477
269 3.05463 9.35295
270 3.05435 9.35114
271 3.05406 9.34935
272 3.05344 9.34555
273 3.05282 9.34179
274 3.05253 9.33995
275 3.052 9.33675
276 3.05083 9.32989
277 3.04936 9.32144
278 3.0479 9.31305
279 3.04645 9.30472
280 3.0449 9.29587
281 3.04338 9.28715
282 3.04248 9.2818
283 3.04158 9.27649
284 3.04089 9.27234
285 3.04021 9.26823
286 3.03953 9.26415
287 3.03951 9.26393
288 3.0397 9.26501
289 3.04013 9.26758
290 3.04055 9.27012
291 3.04097 9.27265
292 3.04139 9.27516
293 3.04148 9.27563
294 3.04157 9.27609
295 3.04124 9.274
296 3.04107 9.27288
297 3.04092 9.2719
298 3.04086 9.27145
299 3.04117 9.27331
300 3.04126 9.27375
301 3.04126 9.2737
302 3.04127 9.27365
303 3.04127 9.27359
304 3.04128 9.27354
305 3.04068 9.26994
306 3.04025 9.26729
307 3.03972 9.2641
308 3.03913 9.26055
309 3.03855 9.25703
310 3.03797 9.25353
311 3.03779 9.25237
312 3.03744 9.25023
313 3.0371 9.24812
314 3.03676 9.24601
315 3.03641 9.24386
316 3.03624 9.24276
317 3.03622 9.24255
318 3.0362 9.24235
319 3.03618 9.24215
320 3.03626 9.24254
321 3.03633 9.2429
322 3.0364 9.24326
323 3.03646 9.24355
324 3.03598 9.24065
325 3.03578 9.23937
326 3.0358 9.23942
327 3.03588 9.23982
328 3.036 9.24049
329 3.03612 9.24114
330 3.03653 9.24363
331 3.03679 9.24517
332 3.03705 9.24671
333 3.03729 9.24811
334 3.03761 9.25001
335 3.03793 9.25191
336 3.03824 9.25379
337 3.03878 9.25712
338 3.0392 9.25964
339 3.03961 9.26214
340 3.04004 9.2647
341 3.04052 9.26763
342 3.04093 9.27017
343 3.04142 9.27314
344 3.04202 9.27683
345 3.04261 9.2805
346 3.04309 9.28342
347 3.04357 9.28635
348 3.04405 9.28928
349 3.04452 9.29218
350 3.04499 9.29507
351 3.04537 9.29731
352 3.04578 9.29981
353 3.04619 9.3023
354 3.04646 9.3039
355 3.04672 9.30549
356 3.0468 9.30588
357 3.04687 9.30626
358 3.04694 9.30664
359 3.04702 9.30704
360 3.047 9.30685
361 3.04698 9.30667
362 3.04696 9.30648
363 3.04694 9.30629
364 3.04692 9.30611
365 3.04673 9.30494
366 3.04667 9.30447
367 3.04672 9.30477
368 3.04674 9.30483
369 3.04699 9.30626
370 3.0469 9.30566
371 3.04675 9.30474
372 3.04661 9.30383
373 3.04595 9.29987
374 3.04513 9.29508
375 3.04478 9.29293
376 3.04443 9.29079
377 3.04388 9.28752
378 3.04305 9.28265
379 3.04246 9.27916
380 3.0424 9.27873
381 3.04234 9.2783
382 3.0423 9.27801
383 3.04226 9.27772
384 3.04223 9.27743
385 3.04258 9.27959
386 3.04294 9.28175
387 3.04329 9.28389
388 3.04364 9.28602
389 3.0438 9.28692
390 3.04395 9.28779
391 3.0441 9.28866
392 3.04425 9.28952
393 3.04435 9.29007
394 3.04429 9.28963
395 3.04422 9.28919
396 3.04416 9.28875
397 3.04412 9.28845
398 3.04408 9.28816
399 3.04404 9.28787
400 3.044 9.28757
401 3.04396 9.28728
402 3.04393 9.287
403 3.04389 9.28672
404 3.04417 9.28841
405 3.0445 9.29044
406 3.04484 9.29247
407 3.04518 9.29454
408 3.04552 9.29661
409 3.04586 9.29867
410 3.0462 9.30071
411 3.04656 9.30292
412 3.04692 9.30512
413 3.04701 9.30562
414 3.04704 9.30576
415 3.04705 9.30577
416 3.04706 9.30577
417 3.047 9.3054
418 3.04724 9.3068
419 3.04746 9.30814
420 3.04769 9.30946
421 3.04786 9.31046
422 3.04803 9.31146
423 3.04829 9.31302
424 3.04842 9.31379
425 3.04855 9.31456
426 3.04868 9.31532
427 3.0488 9.316
428 3.04892 9.31667
429 3.04928 9.31887
430 3.04964 9.32106
431 3.04963 9.32097
432 3.04958 9.32064
433 3.04939 9.31941
434 3.04919 9.31819
435 3.049 9.31697
436 3.04871 9.3152
437 3.04831 9.31281
438 3.04792 9.31043
439 3.04753 9.30806
440 3.04714 9.30574
441 3.04664 9.30276
442 3.04619 9.30005
443 3.04574 9.29735
444 3.04529 9.29466
445 3.04491 9.29234
446 3.04453 9.29004
447 3.04412 9.2876
448 3.04372 9.28516
449 3.04332 9.28274
450 3.04315 9.28168
451 3.04298 9.28063
452 3.04279 9.27943
453 3.04258 9.27811
454 3.04236 9.27679
455 3.042 9.27459
456 3.04205 9.27486
457 3.04183 9.27348
458 3.04161 9.27211
459 3.041 9.26856
460 3.0404 9.26503
461 3.0398 9.26151
462 3.03921 9.25801
463 3.03862 9.25452
464 3.03802 9.25105
465 3.03744 9.24759
466 3.03722 9.24625
467 3.03698 9.24475
468 3.03661 9.24255
469 3.0364 9.24121
470 3.03618 9.23988
471 3.03597 9.23856
472 3.03598 9.23858
473 3.03621 9.23997
474 3.03644 9.24135
475 3.03654 9.24194
476 3.03664 9.24251
477 3.03675 9.24309
478 3.03685 9.24366
479 3.03691 9.24402
480 3.03698 9.24438
481 3.03704 9.24474
482 3.03716 9.24542
483 3.03728 9.24611
484 3.03738 9.24664
485 3.03739 9.24665
486 3.03739 9.24666
487 3.03729 9.24597
488 3.03718 9.24529
489 3.03707 9.2446
490 3.03709 9.24464
491 3.03717 9.24509
492 3.03723 9.2454
493 3.03728 9.24571
494 3.03734 9.24602
495 3.03757 9.24738
496 3.03779 9.24873
497 3.038 9.24995
498 3.03842 9.25256
499 3.03866 9.25401
500 3.0389 9.25545
501 3.03895 9.25575
502 3.03892 9.25551
503 3.03885 9.25503
504 3.0388 9.25471
505 3.03873 9.25421
506 3.03863 9.25361
507 3.03823 9.25122
508 3.03783 9.24883
509 3.03744 9.24646
510 3.03698 9.24377
511 3.03653 9.24108
512 3.03627 9.23948
513 3.03618 9.2389
514 3.03616 9.23879
515 3.03582 9.23672
516 3.03548 9.23467
517 3.03514 9.23262
518 3.03492 9.2313
519 3.03468 9.22979
520 3.03443 9.22828
521 3.03418 9.22678
522 3.03394 9.22528
523 3.03369 9.22379
524 3.03345 9.2223
525 3.03309 9.22013
526 3.03272 9.21797
527 3.03236 9.21581
528 3.03201 9.21366
529 3.03165 9.21153
530 3.03127 9.20925
531 3.03089 9.20698
532 3.03052 9.20482
533 3.03004 9.20198
534 3.02973 9.2001
535 3.0293 9.19754
536 3.029 9.19574
537 3.0287 9.19395
538 3.0284 9.19216
539 3.02811 9.19039
540 3.028 9.18971
541 3.02803 9.1898
542 3.02766 9.18761
543 3.02751 9.18671
544 3.02737 9.18581
545 3.02723 9.18492
546 3.02695 9.18327
547 3.02655 9.18087
548 3.02615 9.17848
549 3.02565 9.17559
550 3.02516 9.17271
551 3.02492 9.17125
552 3.02468 9.16979
553 3.02445 9.16839
554 3.02412 9.16641
555 3.02379 9.16445
556 3.02346 9.16249
557 3.02328 9.16135
558 3.02309 9.16021
559 3.02291 9.15907
560 3.02259 9.1572
561 3.02228 9.15533
562 3.02197 9.15348
563 3.02167 9.15163
564 3.02146 9.15036
565 3.02121 9.14885
566 3.02064 9.14558
567 3.02008 9.14233
568 3.0195 9.13899
569 3.01893 9.13567
570 3.01823 9.13167
571 3.01753 9.12768
572 3.01702 9.12476
573 3.01652 9.12185
574 3.01613 9.11953
575 3.01574 9.11721
576 3.01529 9.11457
577 3.01484 9.11194
578 3.0148 9.11165
579 3.01476 9.11136
580 3.01469 9.11091
581 3.01462 9.11047
582 3.01438 9.10902
583 3.01414 9.10757
584 3.01369 9.10495
585 3.01337 9.10302
586 3.01305 9.10111
587 3.01267 9.09888
588 3.01224 9.09634
589 3.01181 9.09382
590 3.01122 9.09046
591 3.01097 9.08892
592 3.01063 9.08692
593 3.01029 9.08492
594 3.00992 9.08274
595 3.00956 9.08056
596 3.00954 9.08043
597 3.00967 9.08118
598 3.0098 9.08194
599 3.01002 9.08328
600 3.01014 9.08395
601 3.01026 9.08463
602 3.01014 9.08391
603 3.01003 9.08319
604 3.01005 9.08327
605 3.01003 9.0831
606 3.01001 9.08294
607 3.00987 9.08208
608 3.00973 9.08122
609 3.00959 9.08037
610 3.00951 9.07984
611 3.00946 9.07948
612 3.00956 9.08007
613 3.00948 9.07956
614 3.0094 9.07905
615 3.00932 9.07854
616 3.00949 9.07954
617 3.00959 9.08008
618 3.00992 9.08214
619 3.01026 9.08419
620 3.01041 9.08508
621 3.01056 9.08598
622 3.01075 9.08708
623 3.01083 9.08752
624 3.0109 9.08795
625 3.01098 9.08839
626 3.01106 9.08882
627 3.01114 9.08925
628 3.01121 9.08968
629 3.01135 9.09051
630 3.01153 9.09156
631 3.01151 9.09139
632 3.01147 9.09115
633 3.01132 9.09023
634 3.01115 9.08919
635 3.01098 9.08816
636 3.01102 9.08835
637 3.01106 9.08854
638 3.011 9.08816
639 3.01106 9.08845
640 3.01111 9.08875
641 3.01125 9.08957
642 3.01139 9.0904
643 3.0116 9.09162
644 3.0118 9.09284
645 3.012 9.09405
646 3.01217 9.09506
647 3.01247 9.09685
648 3.0127 9.0983
649 3.01272 9.09836
650 3.01274 9.09842
651 3.01275 9.09848
652 3.01269 9.09807
653 3.01247 9.09673
654 3.01199 9.09396
655 3.01151 9.09119
656 3.01095 9.08801
657 3.01018 9.08374
658 3.00948 9.07979
659 3.00878 9.07585
660 3.00774 9.0703
661 3.00648 9.06371
662 3.00524 9.05726
663 3.00412 9.05131
664 3.00277 9.04436
665 3.00142 9.03743
666 3.00043 9.03208
667 2.99952 9.02712
668 2.99844 9.02137
669 2.9974 9.01585
670 2.99638 9.01035
671 2.99535 9.00486
672 2.99442 8.99982
673 2.99348 8.99475
674 2.99255 8.98968
675 2.99216 8.98742
676 2.99182 8.98541
677 2.99148 8.9834
678 2.99118 8.98161
679 2.99088 8.97984
680 2.99073 8.97892
681 2.99046 8.97731
682 2.99012 8.97531
683 2.98987 8.9738
684 2.98944 8.9713
685 2.98908 8.96918
686 2.98872 8.96706
687 2.9883 8.96464
688 2.98798 8.96273
689 2.98774 8.96129
690 2.9875 8.95985
691 2.98726 8.95842
692 2.98717 8.9578
693 2.98707 8.95718
694 2.98707 8.95711
695 2.98687 8.95593
696 2.98683 8.9556
697 2.98673 8.95497
698 2.98679 8.95529
699 2.98699 8.95648
700 2.98722 8.9578
701 2.98737 8.95871
702 2.98749 8.95936
703 2.98769 8.96054
704 2.98791 8.96183
705 2.98796 8.96209
706 2.98794 8.96189
707 2.98791 8.96169
708 2.98803 8.96239
709 2.98828 8.96384
710 2.98852 8.96529
711 2.98876 8.96673
712 2.9888 8.96689
713 2.98883 8.96706
714 2.98887 8.96722
715 2.9889 8.96738
716 2.98894 8.96754
717 2.98897 8.9677
718 2.98915 8.96872
719 2.98932 8.96973
720 2.98939 8.97014
721 2.9894 8.9701
722 2.98931 8.96956
723 2.98923 8.96903
724 2.98915 8.9685
725 2.98907 8.96799
726 2.98899 8.96748
727 2.98891 8.96697
728 2.98884 8.96647
729 2.9888 8.96619
730 2.98896 8.96712
731 2.98912 8.96809
732 2.98912 8.96802
733 2.98914 8.96807
734 2.98915 8.96813
735 2.98908 8.96767
736 2.989 8.96716
737 2.98904 8.96732
738 2.98912 8.96775
739 2.9892 8.96819
740 2.98928 8.96862
741 2.98939 8.96925
742 2.9895 8.96987
743 2.98966 8.97081
744 2.98992 8.97235
745 2.99017 8.97389
746 2.99039 8.9752
747 2.9907 8.97709
748 2.99102 8.97899
749 2.99133 8.98089
750 2.99161 8.9826
751 2.99187 8.98418
752 2.99218 8.98603
753 2.9924 8.98737
754 2.99266 8.9889
755 2.99291 8.99043
756 2.99317 8.99196
757 2.99342 8.99348
758 2.99362 8.99465
759 2.99383 8.9959
760 2.99402 8.99701
761 2.9941 8.99747
762 2.99418 8.99793
763 2.99427 8.99838
764 2.99435 8.99884
765 2.99435 8.99882
766 2.99434 8.99869
767 2.99445 8.99934
768 2.9946 9.00019
769 2.99476 9.00116
770 2.99493 9.00212
771 2.99509 9.00307
772 2.99525 9.00403
773 2.99542 9.00498
774 2.99562 9.00617
775 2.99576 9.007
776 2.9959 9.00782
777 2.99605 9.00871
778 2.9962 9.00959
779 2.99635 9.01046
780 2.99661 9.01199
781 2.99674 9.01274
782 2.99687 9.01348
783 2.99694 9.01388
784 2.99711 9.01489
785 2.99728 9.01591
786 2.99746 9.01693
787 2.99756 9.01752
788 2.99766 9.01811
789 2.99774 9.01856
790 2.99783 9.01902
791 2.99791 9.01947
792 2.99799 9.01992
793 2.99807 9.02037
794 2.99815 9.02082
795 2.99823 9.02126
796 2.99854 9.02318
797 2.99887 9.02517
798 2.99919 9.02715
799 2.99951 9.02911
800 2.99971 9.0303
801 2.99991 9.03149
802 3.00011 9.03267
803 3.00027 9.0336
804 3.00039 9.03431
805 3.00064 9.03583
806 3.00093 9.0376
807 3.00115 9.03893
808 3.00136 9.04018
809 3.00143 9.04056
810 3.0016 9.04154
811 3.00176 9.0425
812 3.00185 9.04298
813 3.00175 9.04239
814 3.00166 9.0418
815 3.0016 9.04138
816 3.00153 9.04096
817 3.00158 9.04119
818 3.00162 9.04143
819 3.00167 9.04166
820 3.00184 9.04265
821 3.00196 9.04337
822 3.0021 9.04421
823 3.00228 9.04528
824 3.00242 9.04611
825 3.00257 9.04694
826 3.00269 9.04764
827 3.00289 9.04883
828 3.00303 9.04968
829 3.00301 9.04949
830 3.00298 9.0493
831 3.00296 9.04911
832 3.00301 9.04944
833 3.0031 9.0499
834 3.00319 9.0504
835 3.00327 9.05089
836 3.00353 9.05247
837 3.00372 9.05361
838 3.00383 9.05421
839 3.00393 9.0548
840 3.00404 9.0554
841 3.00417 9.05619
842 3.00431 9.05698
843 3.0044 9.05752
844 3.0045 9.05806
845 3.00456 9.05843
846 3.00458 9.05851
847 3.00461 9.05862
848 3.00463 9.05873
849 3.00465 9.05884
850 3.00476 9.05947
851 3.00492 9.06038
852 3.00503 9.06103
853 3.00506 9.06119
854 3.0051 9.06136
855 3.00513 9.06153
856 3.00507 9.06115
857 3.005 9.06067
858 3.00498 9.06051
859 3.00496 9.06035
860 3.00501 9.06062
861 3.00506 9.06088
862 3.00513 9.06131
863 3.00502 9.06061
864 3.00475 9.05903
865 3.00453 9.05771
866 3.00444 9.05715
867 3.00438 9.05672
868 3.00421 9.05569
869 3.00384 9.05359
870 3.00337 9.0509
871 3.00271 9.04725
872 3.0022 9.0444
873 3.00175 9.04187
874 3.0013 9.03927
875 3.00114 9.03831
876 3.00115 9.03835
877 3.00106 9.03775
878 3.00096 9.03715
879 3.001 9.03736
880 3.00101 9.03739
881 3.00115 9.0382
882 3.00127 9.03888
883 3.00117 9.03827
884 3.00105 9.03751
885 3.00115 9.03809
886 3.00108 9.03764
887 3.00101 9.03718
888 3.00094 9.03673
889 3.00081 9.03593
890 3.00068 9.03513
891 3.00055 9.03434
892 3.00042 9.03354
893 3.00024 9.03248
894 3.00007 9.03142
895 2.99972 9.02939
896 2.99937 9.02737
897 2.99909 9.02572
898 2.99881 9.02407
899 2.99853 9.02243
900 2.99839 9.0216
901 2.99826 9.02077
902 2.99813 9.01998
903 2.99824 9.02062
904 2.99824 9.02062
905 2.99825 9.02062
906 2.9981 9.01972
907 2.99806 9.01942
908 2.998 9.01906
909 2.99788 9.01828
910 2.99775 9.0175
911 2.99752 9.01614
912 2.99729 9.01478
913 2.99707 9.01348
914 2.99694 9.01267
915 2.9968 9.01182
916 2.99675 9.01148
917 2.9967 9.01113
918 2.99667 9.01092
919 2.99648 9.00979
920 2.99635 9.00901
921 2.99596 9.00679
922 2.99577 9.00562
923 2.99563 9.00476
924 2.99548 9.00389
925 2.99542 9.00349
926 2.99555 9.00424
927 2.99568 9.00499
928 2.99578 9.0056
929 2.99585 9.00595
930 2.99585 9.00594
931 2.99586 9.00593
932 2.99586 9.00592
933 2.99583 9.00571
934 2.9958 9.0055
935 2.99577 9.00529
936 2.99576 9.00522
937 2.99576 9.00517
938 2.99564 9.00445
939 2.99553 9.00372
940 2.99541 9.003
941 2.99529 9.00228
942 2.99513 9.0013
943 2.99497 9.00033
944 2.99485 8.99959
945 2.99473 8.99886
946 2.99471 8.99872
947 2.99483 8.99942
948 2.99502 9.00055
949 2.99521 9.00169
950 2.99544 9.00307
951 2.9957 9.00468
952 2.9959 9.00587
953 2.99602 9.00657
954 2.99614 9.00726
955 2.99634 9.00848
956 2.99654 9.00968
957 2.99676 9.01101
958 2.99694 9.01211
959 2.99712 9.01321
960 2.99721 9.01372
961 2.99727 9.01403
962 2.99728 9.01406
963 2.99729 9.01408
964 2.9973 9.01411
965 2.99736 9.01446
966 2.99741 9.01473
967 2.99736 9.01439
968 2.99731 9.01405
969 2.99731 9.014
970 2.9973 9.01395
971 2.99726 9.01369
972 2.99723 9.01344
973 2.99719 9.01318
974 2.99729 9.01379
975 2.9974 9.01439
976 2.9975 9.015
977 2.99761 9.0156
978 2.99771 9.0162
979 2.99788 9.01721
980 2.99809 9.01848
981 2.9983 9.01977
982 2.99851 9.02105
983 2.99872 9.02234
984 2.99894 9.02362
985 2.99907 9.02443
986 2.99921 9.02524
987 2.99936 9.02613
988 2.99951 9.02701
989 2.99966 9.02789
990 2.99973 9.02831
991 2.9998 9.02873
992 2.99988 9.02914
993 2.99994 9.02949
994 3 9.02984
995 3.00006 9.03018
996 3.00008 9.03024
997 3.00009 9.03029
998 3.00012 9.03044
999 3.00015 9.0306
1000 3.00033 9.03168
