1.19 3.01448 9.19218 1.62279
0.2 3.05204 9.50616 1.77313
0.2 3.05183 9.53677 1.77771
0.21 3.05328 9.52754 1.78288
0.22 3.05158 9.51591 1.77626
0.23 3.04964 9.5018 1.7726
0.24 3.04526 9.46871 1.76094
0.25 3.04443 9.4544 1.75689
0.26 3.04404 9.43964 1.75423
0.27 3.04189 9.43974 1.74941
0.28 3.04083 9.42497 1.74485
0.29 3.03838 9.40816 1.73927
0.3 3.0362 9.43279 1.73073
0.31 3.03593 9.38885 1.73471
0.32 3.03623 9.38722 1.73129
0.33 3.03415 9.37528 1.72322
0.34 3.03234 9.36282 1.72246
0.35 3.03187 9.36214 1.72142
0.36 3.03146 9.34579 1.71288
0.37 3.03137 9.34952 1.7122
0.38 3.03038 9.34409 1.70842
0.39 3.02805 9.32304 1.70679
0.4 3.02845 9.35671 1.70395
0.41 3.02744 9.32218 1.70212
0.42 3.02656 9.30658 1.69321
0.43 3.02513 9.30249 1.69197
0.44 3.02385 9.28209 1.68806
0.45 3.02403 9.28887 1.68826
0.46 3.02389 9.2973 1.68795
0.47 3.02234 9.2703 1.68392
0.48 3.02149 9.26891 1.67968
0.49 3.02073 9.27708 1.67778
0.5 3.02163 9.26251 1.67812
0.51 3.02021 9.25788 1.66871
0.52 3.02175 9.25999 1.67236
0.53 3.01966 9.29905 1.66894
0.54 3.02028 9.24869 1.66435
0.55 3.01746 9.23348 1.66393
0.57 3.01795 9.24705 1.6608
0.57 3.01858 9.24693 1.66319
0.58 3.01609 9.23069 1.65667
0.59 3.01745 9.22602 1.65572
0.6 3.01698 9.22086 1.66087
0.61 3.0179 9.22467 1.6579
0.62 3.01675 9.236 1.65258
0.63 3.01625 9.21919 1.65221
0.64 3.01696 9.21684 1.65613
0.65 3.01604 9.21378 1.64606
0.67 3.01454 9.22394 1.64612
0.67 3.01448 9.2097 1.64409
0.69 3.01508 9.20506 1.64263
0.69 3.01365 9.20775 1.64453
0.7 3.01463 9.19922 1.6414
0.72 3.01388 9.19698 1.63879
0.73 3.01447 9.19197 1.63875
0.74 3.01297 9.19812 1.63738
0.75 3.01291 9.18797 1.63644
0.76 3.01402 9.18625 1.63455
0.77 3.01267 9.19271 1.62897
0.78 3.01193 9.18488 1.63341
0.79 3.01278 9.18172 1.63356
0.79 3.01254 9.18368 1.63226
0.81 3.01177 9.19094 1.62998
0.82 3.01165 9.17923 1.62895
0.83 3.01131 9.17717 1.62825
0.83 3.01179 9.17553 1.62111
0.84 3.01141 9.18132 1.62738
0.85 3.01179 9.1708 1.62273
0.87 3.01059 9.19114 1.62326
0.87 3.01129 9.17957 1.62313
0.88 3.01005 9.15853 1.61815
0.89 3.00984 9.2042 1.61682
0.9 3.01042 9.16235 1.62023
0.91 3.01096 9.17786 1.61807
0.92 3.00988 9.16681 1.61296
0.93 3.01012 9.1807 1.62066
0.94 3.01092 9.16689 1.61172
0.95 3.01104 9.16002 1.61374
0.96 3.01009 9.15005 1.61695
0.97 3.01002 9.15914 1.61165
0.98 3.00946 9.15169 1.60887
0.99 3.00886 9.16083 1.61367
1 3.00957 9.14683 1.61171
1.01 3.01043 9.17268 1.60955
1.02 3.00922 9.15015 1.60941
1.03 3.00977 9.14694 1.60716
1.04 3.00923 9.14515 1.60482
1.05 3.00921 9.14999 1.60532
1.06 3.00855 9.14391 1.60448
1.07 3.00903 9.18818 1.60496
1.08 3.00905 9.14407 1.60622
1.09 3.00731 9.13267 1.60539
1.1 3.00884 9.14986 1.60577
1.11 3.0077 9.13519 1.60178
1.12 3.00908 9.14737 1.60278
1.13 3.00896 9.15785 1.59932
1.14 3.00844 9.26914 1.60117
1.15 3.00874 9.13467 1.60054
1.16 3.00841 9.1329 1.5981
1.17 3.00751 9.19197 1.5982
