0.2 3.06146 9.63027 1.65701
0.21 3.06191 9.62559 1.64863
0.22 3.05912 9.60222 1.64321
0.24 3.05924 9.61215 1.63982
0.25 3.05545 9.58742 1.63603
0.26 3.05767 9.61245 1.6282
0.27 3.05505 9.58294 1.62655
0.28 3.05387 9.56031 1.62233
0.29 3.05732 9.59616 1.61516
0.3 3.05495 9.58474 1.61098
0.31 3.05476 9.57589 1.60695
0.32 3.05433 9.57028 1.60684
0.33 3.05478 9.6132 1.60383
0.34 3.05461 9.5785 1.60115
0.35 3.05506 9.58566 1.59338
0.36 3.05345 9.56978 1.5917
0.37 3.05387 9.54676 1.59008
0.38 3.05203 9.55828 1.58942
0.39 3.05495 9.58926 1.58057
0.4 3.05486 9.59677 1.57915
0.41 3.05278 9.55173 1.57732
0.42 3.05115 9.53693 1.57549
0.43 3.05591 9.57493 1.56867
0.44 3.05148 9.55012 1.57322
0.45 3.05171 9.56035 1.56782
0.46 3.05488 9.5692 1.56084
0.47 3.05353 9.55924 1.5638
0.48 3.05366 9.55907 1.55735
0.49 3.05366 9.56884 1.56026
0.5 3.05063 9.54161 1.56552
0.51 3.0538 9.55877 1.55115
0.52 3.05464 9.5691 1.55315
0.53 3.05392 9.55232 1.54869
0.54 3.05459 9.56113 1.54855
0.55 3.05191 9.53146 1.54884
0.56 3.05121 9.55526 1.54751
0.57 3.05329 9.55084 1.5452
0.58 3.05254 9.56184 1.54409
0.59 3.05314 9.53267 1.543
0.6 3.05058 9.55681 1.5423
0.61 3.05339 9.5488 1.5383
0.62 3.05407 9.55579 1.53835
0.63 3.05407 9.55182 1.53187
0.64 3.05086 9.54375 1.53201
0.65 3.05485 9.55157 1.52974
0.66 3.0533 9.54896 1.52896
0.67 3.05587 9.55868 1.52242
0.68 3.05391 9.5375 1.52888
0.69 3.05096 9.5374 1.53033
0.7 3.05432 9.59385 1.52549
0.71 3.05361 9.54888 1.52614
0.72 3.05508 9.56376 1.52006
0.73 3.05717 9.56842 1.5177
0.74 3.05457 9.5434 1.52055
0.75 3.05549 9.56209 1.51859
0.76 3.05177 9.54058 1.52134
0.77 3.05519 9.53897 1.51307
0.78 3.05364 9.54732 1.51504
0.79 3.05706 9.55512 1.51365
0.8 3.05384 9.53555 1.51304
0.81 3.05346 9.5417 1.51423
0.82 3.05572 9.5443 1.51105
0.83 3.0567 9.56011 1.51292
0.84 3.0537 9.54834 1.51135
0.85 3.0539 9.54859 1.51069
0.86 3.05466 9.54111 1.51019
0.87 3.05659 9.54966 1.50738
0.88 3.05439 9.56335 1.50632
0.89 3.05654 9.55389 1.50209
0.9 3.05521 9.54912 1.50401
0.91 3.05473 9.54956 1.50057
0.92 3.05664 9.55828 1.50148
0.93 3.05726 9.55488 1.49847
0.94 3.05678 9.55381 1.50382
0.95 3.05674 9.55603 1.50113
0.96 3.05632 9.56913 1.50186
0.97 3.05755 9.57687 1.49636
0.98 3.05687 9.56849 1.49633
0.99 3.05617 9.56865 1.49644
1 3.05734 9.56827 1.49418
1.01 3.05941 9.56657 1.49096
1.02 3.05662 9.54896 1.49732
1.03 3.05981 9.57285 1.492
1.04 3.05717 9.5805 1.4937
1.05 3.05688 9.55139 1.49164
1.06 3.05556 9.65599 1.49466
1.07 3.05526 9.54613 1.49579
1.08 3.05376 9.59536 1.49234
1.09 3.0552 9.54413 1.49359
1.1 3.05697 9.55311 1.49169
1.11 3.05472 9.55125 1.49177
1.12 3.0565 9.58662 1.49162
1.13 3.0591 9.65486 1.48716
1.14 3.05966 9.58363 1.4872
1.15 3.05761 9.63713 1.48815
1.16 3.05712 9.55409 1.48884
1.17 3.05728 9.57934 1.49092
1.18 3.05886 9.60165 1.48431
1.19 3.06073 9.57122 1.48102
0.2 3.06239 9.62254 1.63475
