0.2 3.02799 9.31442 1.64488
0.21 3.02921 9.33432 1.65186
0.22 3.03398 9.36693 1.67295
0.23 3.03598 9.38864 1.68324
0.24 3.04558 9.50864 1.73435
0.25 3.04121 9.44207 1.72561
0.26 3.04054 9.4276 1.72483
0.27 3.04147 9.42505 1.72379
0.28 3.03801 9.41559 1.71391
0.29 3.03662 9.40829 1.70803
0.3 3.03614 9.41732 1.70972
0.31 3.03483 9.39334 1.70273
0.32 3.03295 9.36901 1.70106
0.33 3.03365 9.3932 1.69727
0.34 3.03317 9.37023 1.69468
0.35 3.03345 9.3605 1.69009
0.36 3.03037 9.35499 1.68233
0.37 3.03073 9.35257 1.68535
0.36 3.02831 9.34697 1.6765
0.39 3.02831 9.34118 1.6756
0.4 3.02919 9.32972 1.67356
0.41 3.02628 9.31942 1.67017
0.42 3.02725 9.32483 1.66839
0.43 3.02818 9.33502 1.66255
0.44 3.02476 9.31493 1.66614
0.45 3.027 9.3146 1.66081
0.46 3.02557 9.3156 1.65753
0.47 3.02381 9.29971 1.65488
0.48 3.02415 9.3049 1.64976
0.49 3.02199 9.28511 1.64919
0.5 3.02222 9.28951 1.64568
0.51 3.02393 9.30412 1.64564
0.52 3.02279 9.28619 1.64336
0.53 3.02234 9.28035 1.64238
0.54 3.02271 9.27703 1.64217
0.55 3.02017 9.30396 1.63377
0.56 3.02077 9.29046 1.63142
0.57 3.02084 9.26353 1.62596
0.58 3.02112 9.26227 1.62701
0.59 3.01963 9.26083 1.62594
0.6 3.02018 9.2814 1.62844
0.61 3.01955 9.26162 1.62443
0.62 3.0205 9.25846 1.62496
0.63 3.01973 9.25852 1.61984
0.64 3.01995 9.27982 1.61694
0.65 3.01911 9.2431 1.619
0.66 3.01809 9.24917 1.61715
0.67 3.01894 9.25263 1.61254
0.68 3.02027 9.23781 1.6126
0.69 3.01864 9.24716 1.61116
0.7 3.01864 9.24914 1.6109
0.71 3.01894 9.23569 1.61093
0.72 3.01682 9.25723 1.61059
0.73 3.01796 9.23913 1.60586
0.74 3.01777 9.23599 1.60698
0.75 3.01764 9.23586 1.60734
0.76 3.01728 9.22864 1.60622
0.77 3.01663 9.22832 1.60204
0.78 3.01633 9.26528 1.59879
0.79 3.01493 9.2234 1.60088
0.8 3.01694 9.22762 1.59915
0.81 3.01676 9.23104 1.59888
0.82 3.01661 9.2139 1.59925
0.83 3.01595 9.22198 1.5959
0.84 3.01563 9.21217 1.5953
0.85 3.01683 9.21563 1.59437
0.86 3.01549 9.37229 1.59517
0.87 3.01507 9.2102 1.5956
0.88 3.01405 9.20595 1.59543
0.89 3.01645 9.2083 1.58976
0.9 3.01635 9.20489 1.59071
0.91 3.01548 9.20025 1.59015
0.92 3.0141 9.21074 1.59217
0.93 3.01559 9.21549 1.58675
0.94 3.01574 9.20802 1.58382
0.95 3.01504 9.19981 1.58479
0.96 3.01491 9.20914 1.58663
0.97 3.01375 9.22674 1.58661
0.98 3.01725 9.21339 1.58066
0.99 3.01361 9.20572 1.57652
1 3.01467 9.26387 1.5807
1.01 3.01459 9.20055 1.577
1.02 3.01351 9.19832 1.57873
1.03 3.01609 9.20287 1.57596
1.04 3.0145 9.23245 1.57784
1.05 3.01524 9.20637 1.57399
1.06 3.01455 9.19068 1.57656
1.07 3.01626 9.22026 1.57894
1.08 3.01637 9.20777 1.57168
1.09 3.01588 9.20165 1.57459
1.1 3.01527 9.19443 1.57541
1.11 3.01449 9.21328 1.57347
1.12 3.01643 9.20809 1.5701
1.13 3.01484 9.20021 1.5733
1.14 3.01597 9.19284 1.56887
1.15 3.01449 9.20477 1.57281
1.16 3.01442 9.18695 1.56845
1.17 3.01495 9.19593 1.56765
1.18 3.01377 9.24244 1.57008
1.19 3.01565 9.21265 1.56674
