0.21 3.15072 10.2565 1.97231
0.21 3.14283 10.1923 1.9622
0.22 3.14299 10.1978 1.96377
0.23 3.13311 10.1248 1.94698
0.24 3.13322 10.1199 1.9472
0.25 3.12545 10.0682 1.93603
0.26 3.12464 10.0514 1.93292
0.27 3.12058 10.0171 1.92476
0.29 3.116 9.98879 1.91673
0.3 3.11504 9.97972 1.91562
0.31 3.11014 9.94462 1.90772
0.32 3.11033 9.93969 1.90793
0.32 3.10607 9.91876 1.90296
0.33 3.10846 9.91935 1.90307
0.34 3.0991 9.8609 1.88879
0.35 3.09996 9.86474 1.88824
0.36 3.10271 9.87087 1.89148
0.37 3.09496 9.82286 1.8773
0.38 3.09323 9.81023 1.87424
0.39 3.08846 9.78189 1.86895
0.4 3.08724 9.75958 1.86526
0.41 3.08964 9.77499 1.87016
0.43 3.08885 9.7675 1.86941
0.44 3.08568 9.74459 1.86046
0.45 3.08273 9.72188 1.85747
0.46 3.08225 9.71023 1.85429
0.47 3.0785 9.69957 1.84937
0.48 3.08068 9.73417 1.85216
0.48 3.08046 9.69659 1.85
0.49 3.07372 9.65957 1.83795
0.5 3.07311 9.648 1.83578
0.51 3.07249 9.6392 1.83351
0.52 3.07041 9.63531 1.83001
0.53 3.07262 9.63796 1.83421
0.54 3.07145 9.62592 1.83303
0.55 3.0693 9.61738 1.82709
0.56 3.06721 9.59069 1.82167
0.57 3.06753 9.59693 1.82682
0.58 3.06508 9.58072 1.81718
0.59 3.06521 9.58224 1.8211
0.61 3.0622 9.55858 1.81417
0.61 3.06194 9.55535 1.81312
0.62 3.06299 9.5603 1.81357
0.63 3.06217 9.55922 1.81174
0.64 3.06126 9.55087 1.81282
0.66 3.05871 9.54359 1.80767
0.67 3.06069 9.53574 1.80781
0.68 3.05833 9.52545 1.80516
0.68 3.05694 9.52018 1.79999
0.69 3.05348 9.49922 1.79535
0.7 3.05718 9.52874 1.80187
0.71 3.05692 9.50785 1.79967
0.72 3.0532 9.50944 1.79409
0.73 3.05533 9.52068 1.79721
0.74 3.05248 9.51125 1.79278
0.76 3.05228 9.48814 1.79179
0.77 3.05222 9.479 1.78938
0.77 3.0514 9.46855 1.78482
0.78 3.05128 9.48369 1.78831
0.79 3.05156 9.46693 1.78801
0.8 3.0516 9.46768 1.78641
0.81 3.05069 9.45581 1.78435
0.82 3.04835 9.44119 1.78323
0.83 3.05084 9.47536 1.78561
0.84 3.04945 9.45831 1.78167
0.85 3.05022 9.46016 1.78485
0.86 3.04877 9.43988 1.77807
0.87 3.04526 9.42361 1.77157
0.88 3.0469 9.43381 1.77719
0.89 3.04537 9.42065 1.77201
0.9 3.0461 9.42278 1.77219
0.91 3.04525 9.44117 1.77432
0.92 3.04396 9.43069 1.77074
0.93 3.04378 9.4272 1.76943
0.94 3.04476 9.40423 1.77132
0.95 3.04428 9.42555 1.76851
0.96 3.04411 9.40716 1.77032
0.97 3.04216 9.45387 1.7675
0.98 3.04228 9.38929 1.76633
0.99 3.04196 9.38979 1.76318
1 3.04225 9.38932 1.76548
1.01 3.04553 9.40645 1.76715
1.02 3.04281 9.39686 1.76514
1.03 3.0408 9.37828 1.75839
1.04 3.04165 9.38048 1.75979
1.05 3.04233 9.39655 1.7625
1.06 3.03928 9.35945 1.75359
1.07 3.04021 9.38308 1.75697
1.08 3.04207 9.38116 1.76303
1.09 3.03942 9.36441 1.75667
1.1 3.04134 9.3729 1.76194
1.11 3.03947 9.36382 1.75561
1.12 3.04001 9.38068 1.75693
1.13 3.03738 9.41023 1.75538
1.14 3.03863 9.3609 1.75568
1.15 3.03766 9.34905 1.74988
1.16 3.0379 9.34831 1.75212
1.17 3.03874 9.36256 1.75493
1.18 3.03816 9.35533 1.75379
1.19 3.06686 9.59189 1.81083
