0.21 3.17353 10.6187 1.48388
0.22 3.18352 10.6652 1.47844
0.23 3.17728 10.6369 1.47628
0.24 3.17847 10.6437 1.47232
0.25 3.17939 10.6678 1.46907
0.26 3.17895 10.6472 1.46361
0.27 3.1784 10.6533 1.46436
0.28 3.18251 10.7561 1.45828
0.29 3.1845 10.6869 1.45344
0.3 3.18404 10.6922 1.45106
0.31 3.18325 10.8882 1.44796
0.32 3.18636 10.7092 1.44735
0.33 3.19116 10.7641 1.44138
0.34 3.18691 10.7239 1.44283
0.35 3.19027 10.7317 1.4371
0.36 3.19001 10.7572 1.43409
0.37 3.19001 10.7441 1.43182
0.38 3.19435 10.7609 1.42944
0.39 3.19645 10.776 1.42548
0.4 3.19324 10.7698 1.428
0.41 3.19376 10.7595 1.42756
0.42 3.19203 10.7637 1.42086
0.43 3.19563 10.7864 1.4206
0.44 3.19157 10.7625 1.417
0.45 3.19486 10.7672 1.4196
0.46 3.19566 10.8079 1.41667
0.47 3.19546 10.7854 1.41563
0.49 3.19467 10.7725 1.41281
0.5 3.204 10.8307 1.40831
0.51 3.20297 10.8182 1.40566
0.52 3.20461 10.8217 1.40642
0.53 3.20151 10.8498 1.40326
0.54 3.20659 10.8569 1.40236
0.55 3.20302 10.8393 1.40101
0.56 3.20516 10.8462 1.40072
0.57 3.19899 10.8213 1.39756
0.58 3.20277 10.8341 1.3961
0.59 3.20656 10.842 1.39594
0.6 3.20481 10.8647 1.39161
0.61 3.20779 10.8649 1.39298
0.62 3.20586 10.8565 1.39121
0.63 3.20964 10.8757 1.38959
0.64 3.20516 10.8657 1.38742
0.65 3.2088 10.869 1.38578
0.66 3.21019 10.8877 1.3857
0.67 3.20643 10.866 1.38748
0.68 3.20985 10.919 1.38273
0.69 3.20865 10.8651 1.38038
0.7 3.20546 10.8763 1.38309
0.71 3.21881 10.935 1.37755
0.72 3.20712 10.8725 1.38225
0.73 3.21092 10.9056 1.38041
0.74 3.20971 10.8929 1.37938
0.75 3.21908 10.964 1.37265
0.76 3.21623 10.9356 1.37475
0.77 3.21509 10.9265 1.37401
0.78 3.21043 10.9022 1.37825
0.79 3.21993 10.9394 1.37132
0.8 3.22172 10.9542 1.36908
0.81 3.21399 10.9502 1.37179
0.82 3.2136 10.9007 1.37257
0.83 3.21646 10.9264 1.37184
0.84 3.2231 10.9599 1.36593
0.85 3.21702 10.9577 1.36655
0.86 3.21655 10.9541 1.3653
0.87 3.21688 10.9647 1.36667
0.88 3.21942 11.0092 1.3643
0.89 3.21622 10.9295 1.36594
0.9 3.21634 10.9443 1.36473
0.91 3.21976 10.9584 1.36148
0.92 3.21587 10.9373 1.36609
0.93 3.22088 10.9544 1.36109
0.94 3.22599 10.9902 1.35837
0.95 3.21964 10.9357 1.36056
0.96 3.21885 10.9844 1.36017
0.97 3.22571 11.0014 1.35692
0.98 3.22199 10.9519 1.35673
0.99 3.22006 10.9565 1.36042
1 3.21669 10.9482 1.35988
1.01 3.22774 10.9926 1.35414
1.02 3.21925 10.964 1.35595
1.02 3.23236 11.0118 1.35264
1.03 3.22022 10.9647 1.35349
1.04 3.22607 11.0388 1.35253
1.05 3.22206 10.9674 1.35477
1.06 3.22726 11.0057 1.35399
1.07 3.22187 10.9729 1.3541
1.08 3.22507 10.9797 1.35245
1.09 3.22626 11.0103 1.34907
1.1 3.22638 10.9806 1.35346
1.11 3.22139 10.9634 1.35312
1.12 3.23058 11.0288 1.3493
1.13 3.22492 11.0391 1.34962
1.14 3.219 10.9554 1.35212
1.15 3.22818 10.9953 1.34497
1.17 3.23026 11.0334 1.34513
1.17 3.22712 10.9908 1.34831
1.18 3.22862 11.0118 1.34787
1.19 3.20742 10.865 1.39445
0.2 3.19597 10.7728 1.4355
