0.2 3.04197 9.40526 1.75003
0.21 3.07216 9.65788 1.84167
0.22 3.06891 9.62394 1.83445
0.23 3.06782 9.61958 1.83204
0.24 3.06468 9.58957 1.82626
0.25 3.05969 9.57394 1.81514
0.26 3.05965 9.55642 1.81185
0.27 3.05597 9.53822 1.80719
0.28 3.05395 9.51783 1.80009
0.29 3.05487 9.5421 1.80052
0.3 3.05183 9.50085 1.79594
0.31 3.0476 9.46286 1.7846
0.32 3.04772 9.47349 1.78466
0.33 3.04693 9.45621 1.77939
0.34 3.04438 9.44538 1.7737
0.35 3.04203 9.44433 1.77402
0.36 3.04146 9.41474 1.76719
0.37 3.04017 9.4065 1.76546
0.38 3.03985 9.39105 1.76231
0.39 3.0367 9.38281 1.75666
0.4 3.0349 9.36665 1.75151
0.41 3.03529 9.35976 1.75003
0.42 3.03334 9.3494 1.74676
0.43 3.03301 9.35125 1.74212
0.44 3.03159 9.34736 1.74104
0.45 3.03208 9.33348 1.74116
0.46 3.03057 9.32903 1.739
0.47 3.02891 9.31764 1.73195
0.48 3.02994 9.31804 1.72975
0.49 3.02692 9.31123 1.72672
0.5 3.02794 9.30365 1.72649
0.51 3.02592 9.29676 1.7245
0.52 3.02472 9.29767 1.71865
0.53 3.02509 9.29759 1.71723
0.54 3.02306 9.28568 1.7124
0.55 3.02268 9.27757 1.71265
0.56 3.02381 9.29778 1.71721
0.57 3.02324 9.26295 1.712
0.58 3.02212 9.25707 1.71094
0.59 3.02189 9.26844 1.7102
0.6 3.01998 9.25502 1.70286
0.61 3.02112 9.23701 1.70277
0.62 3.01858 9.24173 1.70084
0.63 3.01913 9.24412 1.69854
0.64 3.01891 9.23787 1.7029
0.65 3.01831 9.26493 1.69709
0.66 3.01993 9.22815 1.70181
0.67 3.0173 9.26169 1.69501
0.68 3.01823 9.2154 1.69244
0.69 3.01661 9.20761 1.68917
0.7 3.0157 9.22167 1.68959
0.71 3.01639 9.2033 1.68838
0.72 3.01463 9.20538 1.68399
0.73 3.01608 9.19706 1.68744
0.74 3.01513 9.20191 1.68564
0.75 3.01467 9.22347 1.68271
0.76 3.0148 9.19489 1.68143
0.77 3.01431 9.1945 1.68226
0.78 3.01297 9.18977 1.67602
0.79 3.01246 9.19661 1.67835
0.8 3.014 9.19052 1.67579
0.81 3.0122 9.18369 1.67554
0.82 3.01211 9.17124 1.67265
0.83 3.0125 9.17023 1.67646
0.84 3.01212 9.17599 1.67258
0.85 3.0118 9.16853 1.67026
0.86 3.0114 9.16225 1.6624
0.87 3.01121 9.17542 1.66906
0.88 3.01109 9.1712 1.66624
0.89 3.01029 9.16939 1.66301
0.9 3.01155 9.16012 1.66657
0.91 3.01145 9.16395 1.6653
0.92 3.00999 9.17497 1.66283
0.93 3.00961 9.15069 1.66098
0.94 3.0105 9.15434 1.66872
0.95 3.00919 9.15863 1.65751
0.96 3.00944 9.14814 1.65896
0.97 3.00822 9.14483 1.65668
0.98 3.00941 9.14982 1.65986
0.99 3.00841 9.15755 1.65887
1 3.00956 9.13641 1.65748
1.01 3.00837 9.13696 1.65619
1.02 3.00832 9.14373 1.65618
1.03 3.0077 9.14109 1.65228
1.04 3.0077 9.166 1.65522
1.05 3.00863 9.13572 1.6556
1.06 3.0074 9.13453 1.65112
1.07 3.00716 9.13795 1.65518
1.08 3.00817 9.12733 1.65287
1.09 3.0077 9.12662 1.64802
1.1 3.00868 9.12561 1.65237
1.11 3.00652 9.11942 1.64493
1.12 3.00706 9.13177 1.652
1.13 3.00724 9.12472 1.64669
1.14 3.00625 9.14241 1.64132
1.15 3.00684 9.12925 1.64824
1.16 3.00762 9.12531 1.64976
1.17 3.00676 9.12271 1.64219
1.18 3.00759 9.13965 1.64581
1.19 3.00657 9.11012 1.64629
