0.21 3.05053 9.51339 1.70507
0.22 3.0492 9.51231 1.69777
0.23 3.04621 9.53186 1.69119
0.24 3.04459 9.47801 1.68501
0.25 3.04469 9.48202 1.68237
0.26 3.04561 9.48406 1.6751
0.27 3.04237 9.46257 1.67934
0.28 3.04005 9.44942 1.66764
0.29 3.03912 9.45083 1.6681
0.3 3.04004 9.44171 1.65901
0.31 3.04065 9.44985 1.65873
0.32 3.03922 9.43087 1.65083
0.33 3.03908 9.42852 1.65241
0.34 3.03807 9.45879 1.6492
0.35 3.03751 9.43519 1.64402
0.36 3.03409 9.40381 1.63883
0.37 3.03651 9.40909 1.63692
0.38 3.03426 9.39606 1.62667
0.39 3.0351 9.40067 1.63188
0.4 3.03483 9.39465 1.6249
0.41 3.03464 9.4007 1.62204
0.42 3.03364 9.42582 1.618
0.43 3.03581 9.39992 1.62045
0.44 3.03506 9.41487 1.61437
0.45 3.03285 9.40479 1.61566
0.46 3.03164 9.3816 1.61277
0.47 3.03485 9.38613 1.60919
0.48 3.03276 9.36806 1.60761
0.49 3.03455 9.37846 1.6011
0.5 3.03333 9.38057 1.59766
0.51 3.0327 9.36841 1.60466
0.52 3.03166 9.37693 1.59744
0.53 3.03267 9.39494 1.59044
0.54 3.03106 9.36123 1.59332
0.55 3.03111 9.3612 1.59488
0.56 3.03153 9.37574 1.589
0.57 3.03123 9.36958 1.59031
0.58 3.0308 9.38325 1.58423
0.59 3.02968 9.36403 1.58249
0.6 3.02988 9.34912 1.58634
0.61 3.03084 9.38378 1.57868
0.62 3.0316 9.36254 1.57965
0.63 3.02983 9.34719 1.58092
0.64 3.03129 9.36835 1.5756
0.65 3.03139 9.35719 1.57918
0.66 3.03229 9.3715 1.5712
0.67 3.03176 9.34829 1.5723
0.68 3.02975 9.35046 1.57182
0.69 3.03069 9.35347 1.57045
0.7 3.03013 9.35214 1.57031
0.71 3.03007 9.33686 1.5688
0.72 3.02972 9.33842 1.56332
0.73 3.03041 9.33217 1.56424
0.74 3.03064 9.35144 1.56272
0.75 3.03127 9.35216 1.55999
0.76 3.02955 9.33581 1.56112
0.77 3.03155 9.35072 1.56074
0.78 3.02969 9.33517 1.55922
0.79 3.03134 9.36087 1.55944
0.8 3.03027 9.33611 1.55171
0.81 3.02852 9.32827 1.56062
0.82 3.02954 9.34846 1.55408
0.83 3.02831 9.34617 1.55517
0.84 3.03192 9.37906 1.55033
0.85 3.02949 9.33596 1.5551
0.86 3.02751 9.33838 1.55812
0.87 3.02957 9.33178 1.55229
0.88 3.02925 9.34103 1.54928
0.89 3.03121 9.34739 1.55468
0.9 3.02957 9.38364 1.54696
0.91 3.03275 9.34947 1.53807
0.92 3.02992 9.33276 1.55131
0.93 3.02942 9.33113 1.54316
0.94 3.02894 9.32441 1.54378
0.95 3.03064 9.32558 1.54315
0.96 3.02871 9.32536 1.54691
0.97 3.02893 9.33168 1.54337
0.98 3.03073 9.33131 1.54518
0.99 3.0296 9.32959 1.53974
1 3.0316 9.35169 1.53876
1.01 3.02915 9.33744 1.5403
1.02 3.03228 9.33808 1.53641
1.03 3.02969 9.33271 1.54039
1.04 3.0299 9.33662 1.53844
1.05 3.02935 9.32608 1.53884
1.06 3.03148 9.32039 1.53918
1.07 3.03101 9.33014 1.53133
1.08 3.03197 9.34105 1.53438
1.09 3.02916 9.32844 1.53265
1.1 3.02921 9.34769 1.53906
1.11 3.03056 9.33103 1.534
1.12 3.03132 9.33934 1.52983
1.13 3.02929 9.35281 1.53057
1.14 3.02797 9.34466 1.53551
1.15 3.02843 9.32712 1.53083
1.16 3.02877 9.32006 1.53467
1.17 3.03197 9.33098 1.52897
1.18 3.03144 9.32821 1.53046
1.19 3.0363 9.41817 1.57859
0.2 3.04132 9.433 1.63236
