0.21 3.17913 10.6826 1.47635
0.22 3.17733 10.6566 1.47349
0.23 3.18581 10.7032 1.46688
0.24 3.18405 10.7139 1.46864
0.25 3.18735 10.7572 1.46416
0.26 3.18623 10.7112 1.46308
0.27 3.18978 10.7331 1.45693
0.28 3.18964 10.7391 1.45387
0.29 3.19043 10.7457 1.45495
0.3 3.18783 10.7761 1.44553
0.31 3.19618 10.7891 1.4438
0.32 3.19165 10.7715 1.44155
0.34 3.19686 10.7833 1.43782
0.35 3.19892 10.8226 1.43273
0.35 3.20196 10.8207 1.43114
0.37 3.19297 10.7752 1.43256
0.38 3.1944 10.8158 1.43175
0.39 3.19754 10.8218 1.42491
0.4 3.19362 10.7917 1.42677
0.41 3.19824 10.8116 1.42574
0.41 3.20422 10.8566 1.41692
0.42 3.1927 10.7953 1.42065
0.43 3.1992 10.8603 1.41533
0.44 3.2033 10.9487 1.41495
0.45 3.20656 10.8526 1.40852
0.47 3.20742 10.8944 1.408
0.47 3.20346 10.8488 1.40846
0.49 3.21119 10.8847 1.40318
0.5 3.20584 10.8493 1.40225
0.51 3.20697 10.8778 1.39856
0.52 3.20748 10.899 1.39937
0.52 3.21068 10.8957 1.39564
0.53 3.2084 10.8757 1.40106
0.54 3.20793 10.9219 1.39395
0.56 3.20043 10.8712 1.39346
0.56 3.21293 10.9091 1.39286
0.57 3.21361 10.9227 1.39396
0.58 3.20675 10.8689 1.39619
0.59 3.21374 10.9376 1.38824
0.6 3.21912 10.9614 1.38563
0.62 3.2112 10.948 1.3882
0.63 3.21633 10.926 1.38342
0.64 3.21359 11.1587 1.38243
0.65 3.21301 10.9513 1.38145
0.66 3.21522 10.9445 1.38268
0.67 3.22167 10.9632 1.37571
0.68 3.21525 10.9454 1.37965
0.69 3.21183 10.917 1.38182
0.7 3.22175 10.9838 1.37193
0.71 3.22154 10.9859 1.37268
0.72 3.22329 10.9712 1.37239
0.73 3.21795 10.9456 1.37374
0.74 3.21876 10.9657 1.37412
0.75 3.21305 10.9907 1.37396
0.76 3.22065 10.9975 1.36832
0.76 3.22511 11.007 1.36927
0.78 3.22166 10.9895 1.36591
0.78 3.22273 11.0028 1.36717
0.79 3.22242 10.9887 1.36533
0.8 3.22322 10.9827 1.36698
0.81 3.22788 11.0695 1.36225
0.82 3.22014 10.9853 1.36791
0.83 3.22143 11.0086 1.36498
0.84 3.22467 11.01 1.36503
0.85 3.22905 11.0289 1.36221
0.86 3.22429 10.9988 1.36272
0.87 3.22959 11.0226 1.36104
0.88 3.22162 10.9952 1.35901
0.89 3.21866 10.9688 1.36474
0.9 3.22754 11.1191 1.3572
0.91 3.23015 11.0311 1.35766
0.92 3.22709 11.0665 1.35716
0.93 3.22535 10.996 1.3576
0.94 3.22823 11.0427 1.35642
0.95 3.22093 10.9773 1.36105
0.96 3.22838 11.023 1.35447
0.97 3.22697 11.0216 1.35766
1 3.22598 11.0483 1.35608
1.01 3.24042 11.0709 1.34833
1.02 3.23065 11.0508 1.35284
1.03 3.23441 11.0606 1.34986
1.04 3.23142 11.0497 1.35378
1.05 3.23287 11.0485 1.34864
1.06 3.22866 11.0195 1.35016
1.05 3.23023 11.0481 1.34753
1.06 3.23111 11.0678 1.35222
1.07 3.22199 10.9987 1.35358
1.08 3.2342 11.0806 1.34687
1.09 3.23572 11.0622 1.34558
1.1 3.23085 11.0384 1.34914
1.11 3.23208 11.1046 1.34395
1.12 3.23594 11.0796 1.3448
1.13 3.23634 11.0671 1.34486
1.14 3.23413 11.0547 1.34824
1.17 3.23626 11.107 1.34213
1.18 3.23398 11.1136 1.34384
1.19 3.23605 11.0776 1.34538
1.18 3.23251 11.0719 1.34626
1.19 3.23379 11.0624 1.34926
0.2 3.19548 10.7738 1.45306
