MCC  <E>  <E^2>
________________________
1 1.93703 3.7521
2 1.93367 3.7391
3 2.03242 4.15024
4 2.08179 4.35581
5 2.1248 4.53971
6 2.1288 4.55266
7 2.20197 4.89867
8 2.25684 5.15817
9 2.29952 5.36001
10 2.33367 5.52148
11 2.35074 5.59753
12 2.34849 5.58103
13 2.36555 5.65992
14 2.38018 5.72754
15 2.36976 5.67542
16 2.38607 5.75323
17 2.40586 5.85084
18 2.42346 5.9376
19 2.42524 5.94287
20 2.42718 5.94934
21 2.42929 5.9569
22 2.43844 6.00067
23 2.45722 6.09798
24 2.46765 6.14933
25 2.47724 6.19658
26 2.48408 6.2294
27 2.48953 6.25511
28 2.49029 6.25683
29 2.49433 6.27552
30 2.4981 6.29296
31 2.50888 6.34876
32 2.52482 6.43514
33 2.55558 6.61984
34 2.61138 7.0083
35 2.67114 7.44002
36 2.71699 7.75217
37 2.75362 7.99091
38 2.80398 8.35384
39 2.82908 8.50658
40 2.85229 8.64685
41 2.87436 8.78027
42 2.89538 8.90734
43 2.91306 9.01094
44 2.93762 9.16869
45 2.94698 9.21561
46 2.96334 9.31278
47 2.97508 9.37757
48 2.9964 9.51524
49 2.9987 9.51837
50 3.00426 9.54273
51 3.01117 9.57651
52 3.02591 9.66681
53 3.03925 9.74736
54 3.05788 9.86985
55 3.0856 10.0722
56 3.11357 10.2788
57 3.14407 10.5115
58 3.17351 10.7361
59 3.19479 10.8866
60 3.21282 11.0099
61 3.24116 11.2298
62 3.26859 11.4426
63 3.29515 11.6486
64 3.32456 11.8854
65 3.35307 12.115
66 3.38071 12.3376
67 3.40039 12.4831
68 3.41562 12.5889
69 3.42621 12.6556
70 3.43387 12.6991
71 3.44637 12.7832
72 3.44963 12.7938
73 3.45179 12.7969
74 3.45051 12.7762
75 3.45535 12.7998
76 3.46007 12.8228
77 3.45844 12.8007
78 3.45686 12.7791
79 3.44999 12.7249
80 3.44725 12.6963
81 3.45062 12.7105
82 3.45391 12.7242
83 3.46019 12.7613
84 3.45818 12.7383
85 3.45503 12.7082
86 3.45195 12.6788
87 3.44894 12.65
88 3.45127 12.658
89 3.45251 12.6583
90 3.46428 12.7438
91 3.48124 12.8793
92 3.48594 12.9059
93 3.48617 12.8993
94 3.48628 12.8922
95 3.48638 12.8851
96 3.48648 12.8782
97 3.48311 12.8484
98 3.47981 12.8192
99 3.48631 12.8614
100 3.48638 12.8548
101 3.48444 12.8347
102 3.48389 12.8241
103 3.47755 12.7774
104 3.47071 12.7281
105 3.46135 12.6659
106 3.44953 12.5924
107 3.44008 12.5303
108 3.42954 12.4633
109 3.42241 12.4135
110 3.4154 12.3646
111 3.4109 12.3298
112 3.4085 12.3078
113 3.40883 12.304
114 3.40917 12.3003
115 3.41458 12.3346
116 3.41184 12.311
117 3.40848 12.2837
118 3.41067 12.2935
119 3.40651 12.2617
120 3.40243 12.2304
121 3.39637 12.1882
122 3.38751 12.1322
123 3.37879 12.0771
124 3.3739 12.0417
125 3.37208 12.0246
126 3.37029 12.0077
127 3.36853 11.9912
128 3.36926 11.9911
129 3.36341 11.9511
130 3.35726 11.9098
131 3.35196 11.873
132 3.34674 11.8368
133 3.3427 11.8071
134 3.34189 11.7971
135 3.33941 11.7767
136 3.3366 11.7544
137 3.33748 11.7558
138 3.33835 11.7572
139 3.34444 11.7987
140 3.35096 11.8438
141 3.35357 11.8579
142 3.35726 11.8803
143 3.35864 11.8856
144 3.35945 11.8869
145 3.35749 11.8702
146 3.36009 11.8845
147 3.36528 11.9193
148 3.37014 11.9515
149 3.37493 11.9832
150 3.37965 12.0145
151 3.38301 12.035
152 3.38727 12.0626
153 3.39147 12.09
154 3.39562 12.1169
155 3.39644 12.1188
156 3.39725 12.1207
157 3.39804 12.1225
158 3.39672 12.1102
159 3.39535 12.0976
160 3.394 12.0851
161 3.39267 12.0728
162 3.39199 12.0648
163 3.39616 12.0925
164 3.40027 12.1198
165 3.40153 12.1253
166 3.40293 12.1317
167 3.40431 12.1381
168 3.40395 12.1324
169 3.39949 12.1022
170 3.39626 12.0788
171 3.39306 12.0556
172 3.39015 12.0342
173 3.38794 12.017
174 3.38343 11.9868
175 3.37774 11.9509
176 3.3717 11.9135
177 3.36586 11.877
178 3.36051 11.843
179 3.3554 11.8103
180 3.34871 11.7704
181 3.34308 11.7354
182 3.3356 11.6925
183 3.3279 11.6488
184 3.32014 11.6052
185 3.3133 11.5652
186 3.30662 11.5261
187 3.3 11.4874
188 3.29346 11.4491
189 3.28641 11.4088
190 3.28051 11.3734
191 3.27343 11.3334
192 3.26642 11.2937
193 3.26341 11.2725
194 3.26215 11.2614
195 3.26091 11.2505
196 3.25974 11.24
197 3.25986 11.2376
198 3.25815 11.2239
199 3.25387 11.1966
200 3.24996 11.1712
201 3.2461 11.1461
202 3.24468 11.1343
203 3.24412 11.1277
204 3.24669 11.1428
205 3.24847 11.1521
206 3.24947 11.1558
207 3.25118 11.1647
208 3.25487 11.1887
209 3.25576 11.1918
210 3.25664 11.1948
211 3.2561 11.1886
212 3.2548 11.1777
213 3.25878 11.2042
214 3.26272 11.2305
215 3.26663 11.2566
216 3.27085 11.2853
217 3.27503 11.3137
218 3.27917 11.3419
219 3.28327 11.3698
220 3.28734 11.3975
221 3.29137 11.4249
222 3.29537 11.4521
223 3.29933 11.479
224 3.30325 11.5057
225 3.30426 11.51
226 3.30526 11.5142
227 3.30535 11.5122
228 3.30558 11.5111
229 3.30667 11.5161
230 3.30798 11.5226
231 3.30927 11.529
232 3.30932 11.5268
233 3.30936 11.5247
234 3.30916 11.5209
235 3.31043 11.5272
236 3.31113 11.5296
237 3.31183 11.5319
238 3.3135 11.5413
239 3.31516 11.5506
240 3.31536 11.5496
241 3.31555 11.5486
242 3.31575 11.5476
243 3.31608 11.5476
244 3.31641 11.5475
245 3.31674 11.5475
246 3.31552 11.5375
247 3.31378 11.5245
248 3.31118 11.5068
249 3.30811 11.4866
250 3.30489 11.4657
251 3.30386 11.457
252 3.3063 11.4725
253 3.30872 11.4878
254 3.31112 11.503
255 3.31204 11.5073
256 3.31198 11.5047
257 3.31095 11.4961
258 3.31152 11.4979
259 3.31231 11.5013
260 3.31437 11.514
261 3.31529 11.5182
262 3.31707 11.5289
263 3.31815 11.5344
264 3.31922 11.5398
265 3.32469 11.582
266 3.33011 11.6239
267 3.33549 11.6655
268 3.33968 11.6961
269 3.34605 11.7476
270 3.35237 11.7986
271 3.36077 11.872
272 3.36737 11.9261
273 3.37334 11.9738
274 3.37834 12.0123
275 3.38331 12.0505
276 3.38926 12.0983
277 3.39507 12.1448
278 3.40083 12.191
279 3.40796 12.2513
280 3.41242 12.285
281 3.41525 12.3044
282 3.41755 12.3193
283 3.41941 12.3307
284 3.41979 12.3311
285 3.42084 12.3364
286 3.42189 12.3416
287 3.42067 12.3315
288 3.42029 12.3268
289 3.42144 12.3328
290 3.42258 12.3389
291 3.4225 12.3362
292 3.42042 12.321
293 3.41933 12.3118
294 3.41825 12.3027
295 3.41612 12.2873
296 3.41339 12.2688
297 3.41207 12.2582
298 3.41092 12.2487
299 3.41082 12.246
300 3.41011 12.2393
301 3.40767 12.2224
302 3.40718 12.2171
303 3.40776 12.2191
304 3.40715 12.2131
305 3.40654 12.2071
306 3.40636 12.2039
307 3.40774 12.2119
308 3.4077 12.2097
309 3.40649 12.2
310 3.40529 12.1903
311 3.40199 12.1693
312 3.39896 12.1496
313 3.39655 12.1332
314 3.3937 12.1145
315 3.39175 12.1006
316 3.38982 12.0868
317 3.38803 12.0737
318 3.3877 12.0697
319 3.38737 12.0656
320 3.38575 12.0536
321 3.38408 12.0414
322 3.3814 12.0237
323 3.37883 12.0066
324 3.37572 11.987
325 3.37357 11.9721
326 3.37143 11.9574
327 3.36804 11.9365
328 3.36528 11.9185
329 3.3631 11.9037
330 3.36204 11.8951
331 3.36055 11.884
332 3.35907 11.873
333 3.3576 11.8621
334 3.35699 11.8564
335 3.35639 11.8507
336 3.35579 11.845
337 3.35519 11.8394
338 3.35496 11.8361
339 3.35456 11.8318
340 3.35323 11.8218
341 3.35203 11.8125
342 3.35083 11.8033
343 3.35037 11.7986
344 3.35061 11.7986
345 3.34876 11.7857
346 3.34691 11.7728
347 3.3456 11.763
348 3.34383 11.7506
349 3.34414 11.7512
350 3.34339 11.7447
351 3.3431 11.7412
352 3.34355 11.7426
353 3.34398 11.744
354 3.34442 11.7454
355 3.34565 11.7526
356 3.34687 11.7597
357 3.34716 11.7601
358 3.35073 11.787
359 3.35428 11.8138
360 3.35782 11.8405
361 3.35971 11.8529
362 3.35973 11.8515
363 3.35968 11.8496
364 3.36009 11.8509
365 3.36259 11.8684
366 3.36508 11.8859
367 3.36756 11.9033
368 3.36754 11.9016
369 3.36698 11.8964
370 3.36643 11.8913
371 3.36656 11.8907
372 3.36667 11.89
373 3.36678 11.8892
374 3.36525 11.8783
375 3.36374 11.8675
376 3.36223 11.8568
377 3.36336 11.8634
378 3.36284 11.8585
379 3.36192 11.8512
380 3.36069 11.8421
381 3.35947 11.833
382 3.35995 11.8348
383 3.36078 11.8393
384 3.36143 11.8424
385 3.36319 11.854
386 3.3645 11.8621
387 3.36621 11.8733
388 3.37109 11.914
389 3.37679 11.9636
390 3.3863 12.0617
391 3.39816 12.1955
392 3.40995 12.3285
393 3.42236 12.4718
394 3.4336 12.5967
395 3.44479 12.7209
396 3.45592 12.8445
397 3.467 12.9675
398 3.47802 13.0898
399 3.48873 13.2077
400 3.49798 13.3038
401 3.50718 13.3994
402 3.51657 13.498
403 3.52621 13.6005
404 3.5358 13.7025
405 3.5457 13.8092
406 3.55555 13.9154
407 3.56378 13.9984
408 3.57371 14.1061
409 3.58247 14.1968
410 3.59118 14.2871
411 3.59614 14.3294
412 3.60243 14.3875
413 3.60708 14.4265
414 3.61197 14.4684
415 3.61599 14.5007
416 3.62098 14.5437
417 3.62489 14.5749
418 3.62667 14.5857
419 3.62854 14.5974
420 3.63062 14.6109
421 3.63063 14.6075
422 3.6312 14.6084
423 3.63177 14.6093
424 3.63363 14.621
425 3.63574 14.6348
426 3.63805 14.6506
427 3.63999 14.663
428 3.64143 14.6711
429 3.64328 14.6827
430 3.64433 14.6876
431 3.64489 14.6885
432 3.64545 14.6895
433 3.64504 14.6834
434 3.64576 14.6856
435 3.64648 14.6879
436 3.64735 14.6913
437 3.64866 14.6984
438 3.64817 14.6918
439 3.64776 14.6857
440 3.64662 14.6749
441 3.64549 14.6641
442 3.64437 14.6533
443 3.64169 14.6339
444 3.63968 14.618
445 3.63733 14.6002
446 3.63442 14.5798
447 3.63153 14.5594
448 3.62872 14.5395
449 3.62595 14.5198
450 3.62282 14.4984
451 3.61995 14.4783
452 3.61709 14.4583
453 3.61481 14.4411
454 3.61349 14.4293
455 3.61158 14.4142
456 3.60978 14.3996
457 3.60799 14.3852
458 3.60621 14.3708
459 3.60567 14.3641
460 3.60608 14.3642
461 3.60649 14.3643
462 3.60754 14.3694
463 3.60859 14.3745
464 3.61078 14.3896
465 3.61296 14.4047
466 3.61529 14.4211
467 3.61661 14.4286
468 3.61775 14.4346
469 3.6192 14.4432
470 3.62065 14.4518
471 3.62251 14.4641
472 3.62402 14.4732
473 3.62552 14.4824
474 3.62893 14.5098
475 3.63231 14.5369
476 3.63568 14.564
477 3.63936 14.5944
478 3.64415 14.6373
479 3.6481 14.6708
480 3.65203 14.7041
481 3.65595 14.7373
482 3.65979 14.7696
483 3.66253 14.7904
484 3.66526 14.8111
485 3.66852 14.8374
486 3.67229 14.8691
487 3.67646 14.9054
488 3.67941 14.9284
489 3.68365 14.9656
490 3.68769 15.0005
491 3.69094 15.0269
492 3.69196 15.032
493 3.69424 15.0486
494 3.69651 15.065
495 3.69775 15.0721
496 3.69987 15.0872
497 3.70198 15.1022
498 3.70268 15.1048
499 3.70227 15.0991
500 3.70221 15.0959
501 3.70205 15.092
502 3.70245 15.0923
503 3.70264 15.0909
504 3.70444 15.1031
505 3.70623 15.1153
506 3.70801 15.1274
507 3.70992 15.1406
508 3.71189 15.1545
509 3.71414 15.1711
510 3.71638 15.1876
511 3.71882 15.2061
512 3.72132 15.2252
513 3.72381 15.2442
514 3.72652 15.2655
515 3.72811 15.276
516 3.72942 15.2839
517 3.73199 15.3039
518 3.73435 15.3217
519 3.73565 15.3296
520 3.73694 15.3375
521 3.7383 15.346
522 3.7414 15.3716
523 3.74426 15.3946
524 3.74615 15.408
525 3.74804 15.4214
526 3.74992 15.4348
527 3.751 15.4409
528 3.75208 15.447
529 3.75561 15.4775
530 3.75913 15.5079
531 3.76264 15.5382
532 3.76448 15.5513
533 3.7653 15.5552
534 3.76534 15.5529
535 3.76422 15.5426
536 3.76503 15.5465
537 3.76514 15.5448
538 3.7651 15.5419
539 3.76506 15.5391
540 3.76524 15.538
541 3.76541 15.5367
542 3.76558 15.5355
543 3.76477 15.5273
544 3.76433 15.5216
545 3.76457 15.521
546 3.76406 15.5148
547 3.76358 15.5088
548 3.76388 15.5087
549 3.76289 15.4994
550 3.76263 15.495
551 3.76238 15.4907
552 3.76089 15.4783
553 3.75958 15.467
554 3.75824 15.4555
555 3.75627 15.4404
556 3.75431 15.4255
557 3.75236 15.4106
558 3.75042 15.3957
559 3.74848 15.3809
560 3.74643 15.3655
561 3.74417 15.349
562 3.74191 15.3326
563 3.73967 15.3163
564 3.73791 15.3026
565 3.73529 15.2845
566 3.73267 15.2665
567 3.73049 15.2505
568 3.72732 15.2302
569 3.72474 15.2124
570 3.72201 15.194
571 3.72019 15.18
572 3.71837 15.166
573 3.71728 15.1562
574 3.71669 15.1497
575 3.7161 15.1432
576 3.71574 15.1383
577 3.71586 15.1369
578 3.71592 15.135
579 3.71537 15.1289
580 3.71483 15.1227
581 3.71349 15.1115
582 3.71202 15.0996
583 3.71065 15.0883
584 3.70929 15.077
585 3.70848 15.0691
586 3.70767 15.0612
587 3.70696 15.054
588 3.70672 15.05
589 3.70691 15.0493
590 3.70744 15.0511
591 3.70788 15.0522
592 3.70827 15.0531
593 3.70867 15.0539
594 3.70803 15.0472
595 3.7074 15.0406
596 3.70676 15.034
597 3.70701 15.0337
598 3.70726 15.0334
599 3.70822 15.0389
600 3.70918 15.0444
601 3.70905 15.0414
602 3.70892 15.0383
603 3.70839 15.0324
604 3.70755 15.0245
605 3.7078 15.0242
606 3.70803 15.0238
607 3.70811 15.0224
608 3.70766 15.017
609 3.7073 15.0124
610 3.70771 15.0134
611 3.70959 15.0275
612 3.71009 15.0292
613 3.7099 15.0258
614 3.71084 15.0313
615 3.71178 15.0367
616 3.71244 15.0399
617 3.71259 15.039
618 3.7134 15.0433
619 3.71324 15.0401
620 3.71375 15.042
621 3.71425 15.044
622 3.71476 15.0459
623 3.7152 15.0473
624 3.71522 15.0454
625 3.71539 15.0447
626 3.71484 15.0388
627 3.71393 15.0306
628 3.71237 15.0186
629 3.71081 15.0066
630 3.70901 14.9933
631 3.70731 14.9805
632 3.70547 14.9671
633 3.7044 14.9579
634 3.70276 14.9455
635 3.70163 14.936
636 3.70123 14.9312
637 3.70084 14.9265
638 3.70098 14.9256
639 3.70056 14.9207
640 3.70014 14.9158
641 3.70038 14.9157
642 3.70063 14.9156
643 3.70087 14.9156
644 3.70053 14.9113
645 3.69978 14.9042
646 3.69848 14.8938
647 3.69711 14.883
648 3.69534 14.87
649 3.69364 14.8575
650 3.692 14.8453
651 3.68982 14.8304
652 3.68765 14.8156
653 3.68549 14.8008
654 3.68366 14.7876
655 3.68156 14.7732
656 3.67888 14.7564
657 3.67604 14.7389
658 3.67335 14.722
659 3.67079 14.7056
660 3.66823 14.6893
661 3.66582 14.6736
662 3.66327 14.6573
663 3.661 14.6423
664 3.65894 14.6282
665 3.65748 14.617
666 3.65609 14.6063
667 3.65457 14.5948
668 3.65305 14.5834
669 3.65154 14.572
670 3.64937 14.5575
671 3.6472 14.543
672 3.64527 14.5295
673 3.64334 14.5161
674 3.64083 14.5003
675 3.63858 14.4855
676 3.63634 14.4707
677 3.6341 14.456
678 3.63199 14.4418
679 3.63038 14.43
680 3.62872 14.418
681 3.62705 14.4059
682 3.62632 14.3992
683 3.6256 14.3925
684 3.62475 14.385
685 3.6239 14.3775
686 3.62322 14.3711
687 3.62253 14.3646
688 3.62245 14.3622
689 3.6231 14.3654
690 3.62449 14.375
691 3.62587 14.3845
692 3.62696 14.3915
693 3.62786 14.3968
694 3.62875 14.402
695 3.63023 14.4125
696 3.6317 14.4229
697 3.63209 14.4241
698 3.63247 14.4252
699 3.63308 14.4281
700 3.6328 14.4244
701 3.63262 14.4214
702 3.63209 14.416
703 3.63156 14.4105
704 3.63171 14.4099
705 3.63309 14.4196
706 3.63447 14.4292
707 3.63585 14.4389
708 3.63825 14.4587
709 3.6411 14.4834
710 3.64406 14.5095
711 3.64702 14.5355
712 3.65116 14.5762
713 3.65529 14.6168
714 3.65916 14.654
715 3.66282 14.6886
716 3.66672 14.7263
717 3.67061 14.7639
718 3.67449 14.8014
719 3.67836 14.8388
720 3.68142 14.8662
721 3.68445 14.8934
722 3.68753 14.921
723 3.69023 14.9444
724 3.6913 14.9513
725 3.69236 14.9581
726 3.69342 14.9649
727 3.6938 14.966
728 3.69417 14.9671
729 3.69446 14.9675
730 3.69475 14.9679
731 3.69504 14.9683
732 3.69552 14.9701
733 3.69619 14.9737
734 3.69687 14.9772
735 3.69848 14.9893
736 3.70009 15.0013
737 3.70154 15.0118
738 3.70321 15.0244
739 3.70483 15.0366
740 3.70615 15.0459
741 3.70745 15.055
742 3.70898 15.0663
743 3.71031 15.0757
744 3.71159 15.0847
745 3.71348 15.0996
746 3.71514 15.1123
747 3.7168 15.125
748 3.71846 15.1376
749 3.72007 15.1497
750 3.72167 15.1618
751 3.72391 15.1806
752 3.72616 15.1993
753 3.72819 15.2158
754 3.73021 15.2323
755 3.73118 15.2384
756 3.73177 15.2413
757 3.73146 15.2373
758 3.73115 15.2334
759 3.73085 15.2295
760 3.73055 15.2256
761 3.73031 15.2221
762 3.72983 15.217
763 3.72908 15.2101
764 3.72817 15.2023
765 3.72831 15.2016
766 3.72897 15.2051
767 3.72951 15.2077
768 3.73048 15.214
769 3.73145 15.2202
770 3.73241 15.2265
771 3.73462 15.245
772 3.73622 15.2573
773 3.73841 15.2756
774 3.74059 15.2939
775 3.74349 15.3205
776 3.74639 15.347
777 3.74928 15.3735
778 3.75216 15.3998
779 3.75336 15.4082
780 3.75413 15.4128
781 3.75469 15.4156
782 3.75615 15.4265
783 3.75854 15.4473
784 3.76093 15.468
785 3.76215 15.4767
786 3.76285 15.4807
787 3.76355 15.4847
788 3.76415 15.4878
789 3.76474 15.4908
790 3.76568 15.4969
791 3.76649 15.5019
792 3.76612 15.4975
793 3.7651 15.489
794 3.76408 15.4805
795 3.76307 15.4721
796 3.76232 15.4652
797 3.762 15.4612
798 3.76227 15.4617
799 3.76217 15.4593
800 3.76208 15.457
801 3.76153 15.4515
802 3.76083 15.445
803 3.76033 15.4398
804 3.75985 15.4348
805 3.75999 15.4342
806 3.75997 15.4325
807 3.76015 15.4323
808 3.76026 15.4315
809 3.76037 15.4307
810 3.76196 15.4431
811 3.76355 15.4555
812 3.76513 15.4679
813 3.76671 15.4802
814 3.76765 15.4864
815 3.76794 15.4871
816 3.76876 15.4923
817 3.76958 15.4974
818 3.77038 15.5024
819 3.77118 15.5074
820 3.77245 15.5167
821 3.77348 15.5237
822 3.7745 15.5308
823 3.77593 15.5417
824 3.77756 15.5546
825 3.77899 15.5656
826 3.77995 15.572
827 3.78236 15.5935
828 3.78476 15.6148
829 3.78662 15.6302
830 3.78847 15.6455
831 3.7897 15.6545
832 3.79093 15.6635
833 3.79214 15.6725
834 3.79173 15.6679
835 3.79136 15.6637
836 3.79095 15.6592
837 3.79079 15.6564
838 3.79065 15.6538
839 3.79051 15.6513
840 3.79037 15.6487
841 3.79031 15.6467
842 3.78928 15.6383
843 3.78826 15.6299
844 3.78716 15.6211
845 3.78615 15.6128
846 3.78514 15.6045
847 3.78448 15.5983
848 3.78354 15.5905
849 3.78354 15.589
850 3.78272 15.5819
851 3.78182 15.5743
852 3.78093 15.5667
853 3.78005 15.5592
854 3.77918 15.5518
855 3.77831 15.5444
856 3.77715 15.5353
857 3.77599 15.5262
858 3.77483 15.5171
859 3.77368 15.5081
860 3.77253 15.4991
861 3.77105 15.4883
862 3.76969 15.4782
863 3.76807 15.4668
864 3.76655 15.4558
865 3.76466 15.4432
866 3.76277 15.4306
867 3.7615 15.421
868 3.76099 15.4159
869 3.76048 15.4108
870 3.76026 15.4078
871 3.76004 15.4047
872 3.7592 15.3975
873 3.75916 15.3958
874 3.75963 15.3981
875 3.76031 15.4022
876 3.76067 15.4036
877 3.76041 15.4002
878 3.76115 15.4048
879 3.76222 15.4125
880 3.76313 15.4186
881 3.76422 15.4264
882 3.7653 15.4342
883 3.76638 15.4419
884 3.76746 15.4496
885 3.76734 15.4474
886 3.76723 15.4451
887 3.76745 15.4454
888 3.76721 15.4422
889 3.76788 15.4463
890 3.76822 15.4475
891 3.76951 15.4573
892 3.7708 15.4671
893 3.77205 15.4766
894 3.7733 15.486
895 3.77405 15.4908
896 3.7747 15.4947
897 3.77535 15.4986
898 3.77578 15.5006
899 3.77678 15.5076
900 3.77811 15.5179
901 3.78011 15.5352
902 3.78157 15.5469
903 3.78313 15.5594
904 3.78493 15.5746
905 3.78585 15.581
906 3.78677 15.5873
907 3.7873 15.5902
908 3.7876 15.5911
909 3.788 15.593
910 3.78839 15.5947
911 3.78879 15.5965
912 3.789 15.5968
913 3.78921 15.597
914 3.78942 15.5973
915 3.78944 15.5962
916 3.78984 15.5979
917 3.79023 15.5997
918 3.79071 15.6022
919 3.79143 15.6068
920 3.7912 15.6038
921 3.79097 15.6008
922 3.79039 15.5953
923 3.7898 15.5899
924 3.78922 15.5844
925 3.78781 15.5742
926 3.7864 15.5641
927 3.78512 15.5546
928 3.78334 15.5427
929 3.78157 15.5309
930 3.77974 15.5189
931 3.77792 15.5069
932 3.77614 15.4951
933 3.77516 15.4872
934 3.77412 15.4791
935 3.77331 15.4722
936 3.77213 15.4633
937 3.77121 15.4558
938 3.77028 15.4483
939 3.76942 15.4413
940 3.76807 15.4314
941 3.76661 15.4212
942 3.76519 15.411
943 3.76393 15.4018
944 3.7625 15.3916
945 3.76108 15.3815
946 3.75966 15.3714
947 3.75852 15.3628
948 3.75752 15.3549
949 3.75609 15.3448
950 3.75419 15.3327
951 3.75229 15.3205
952 3.75056 15.3091
953 3.74882 15.2976
954 3.74709 15.2862
955 3.74545 15.2752
956 3.74416 15.2658
957 3.74287 15.2564
958 3.74136 15.246
959 3.73969 15.2349
960 3.73785 15.2231
961 3.73605 15.2114
962 3.73472 15.2019
963 3.73351 15.193
964 3.73241 15.1846
965 3.73131 15.1762
966 3.73093 15.1722
967 3.73055 15.1683
968 3.73166 15.1765
969 3.73208 15.1785
970 3.73281 15.1832
971 3.73354 15.1878
972 3.73308 15.1833
973 3.73234 15.1771
974 3.73202 15.1735
975 3.73138 15.1678
976 3.73092 15.1634
977 3.7316 15.1676
978 3.73232 15.1722
979 3.73367 15.1828
980 3.73502 15.1934
981 3.73722 15.2133
982 3.73926 15.2314
983 3.74122 15.2485
984 3.74322 15.2661
985 3.74533 15.285
986 3.74743 15.3039
987 3.74951 15.3225
988 3.75159 15.3411
989 3.7538 15.3612
990 3.75657 15.3883
991 3.75979 15.4214
992 3.76307 15.4555
993 3.7653 15.476
994 3.76764 15.4976
995 3.76947 15.5134
996 3.77149 15.5314
997 3.77293 15.5431
998 3.77407 15.5517
999 3.77433 15.5524
1000 3.77458 15.553
