0 0 0 0
0.001 -0.000236866 0.000118266 -0.0001186
0.002 -0.000236852 0.000118261 -0.000118591
0.003 -0.000236838 0.000118257 -0.000118581
0.004 -0.000236824 0.000118252 -0.000118572
0.005 -0.00023681 0.000118247 -0.000118563
0.006 -0.000236796 0.000118243 -0.000118553
0.007 -0.000236782 0.000118238 -0.000118544
0.008 -0.000236768 0.000118234 -0.000118535
0.009 -0.000236754 0.000118229 -0.000118525
0.01 -0.00023674 0.000118224 -0.000118516
0.011 -0.000236726 0.00011822 -0.000118507
0.012 -0.000236713 0.000118215 -0.000118497
0.013 -0.000236699 0.000118211 -0.000118488
0.014 -0.000236685 0.000118206 -0.000118479
0.015 -0.000236671 0.000118202 -0.000118469
0.016 -0.000236657 0.000118197 -0.00011846
0.017 -0.000236644 0.000118193 -0.000118451
0.018 -0.00023663 0.000118188 -0.000118441
0.019 -0.000236616 0.000118184 -0.000118432
0.02 -0.000236602 0.00011818 -0.000118423
0.021 -0.000236589 0.000118175 -0.000118413
0.022 -0.000236575 0.000118171 -0.000118404
0.023 -0.000236561 0.000118166 -0.000118395
0.024 -0.000236547 0.000118162 -0.000118386
0.025 -0.000236534 0.000118158 -0.000118376
0.026 -0.00023652 0.000118153 -0.000118367
0.027 -0.000236506 0.000118149 -0.000118358
0.028 -0.000236493 0.000118144 -0.000118348
0.029 -0.000236479 0.00011814 -0.000118339
0.03 -0.000236466 0.000118136 -0.00011833
0.031 -0.000236452 0.000118131 -0.000118321
0.032 -0.000236438 0.000118127 -0.000118311
0.033 -0.000236425 0.000118123 -0.000118302
0.034 -0.000236411 0.000118119 -0.000118293
0.035 -0.000236398 0.000118114 -0.000118283
0.036 -0.000236384 0.00011811 -0.000118274
0.037 -0.00023637 0.000118106 -0.000118265
0.038 -0.000236357 0.000118101 -0.000118256
0.039 -0.000236343 0.000118097 -0.000118246
0.04 -0.00023633 0.000118093 -0.000118237
0.041 -0.000236316 0.000118089 -0.000118228
0.042 -0.000236303 0.000118084 -0.000118219
0.043 -0.000236289 0.00011808 -0.000118209
0.044 -0.000236276 0.000118076 -0.0001182
0.045 -0.000236262 0.000118072 -0.000118191
0.046 -0.000236249 0.000118067 -0.000118182
0.047 -0.000236235 0.000118063 -0.000118172
0.048 -0.000236222 0.000118059 -0.000118163
0.049 -0.000236208 0.000118055 -0.000118154
0.05 -0.000236195 0.000118051 -0.000118145
0.051 -0.000236182 0.000118046 -0.000118135
0.052 -0.000236168 0.000118042 -0.000118126
0.053 -0.000236155 0.000118038 -0.000118117
0.054 -0.000236141 0.000118034 -0.000118108
0.055 -0.000236128 0.00011803 -0.000118098
0.056 -0.000236114 0.000118025 -0.000118089
0.057 -0.000236101 0.000118021 -0.00011808
0.058 -0.000236088 0.000118017 -0.000118071
0.059 -0.000236074 0.000118013 -0.000118061
0.06 -0.000236061 0.000118009 -0.000118052
0.061 -0.000236047 0.000118005 -0.000118043
0.062 -0.000236034 0.000118 -0.000118034
0.063 -0.000236021 0.000117996 -0.000118025
0.064 -0.000236007 0.000117992 -0.000118015
0.065 -0.000235994 0.000117988 -0.000118006
0.066 -0.000235981 0.000117984 -0.000117997
0.067 -0.000235967 0.00011798 -0.000117988
0.068 -0.000235954 0.000117975 -0.000117978
0.069 -0.000235941 0.000117971 -0.000117969
0.07 -0.000235927 0.000117967 -0.00011796
0.071 -0.000235914 0.000117963 -0.000117951
0.072 -0.0002359 0.000117959 -0.000117942
0.073 -0.000235887 0.000117955 -0.000117932
0.074 -0.000235874 0.000117951 -0.000117923
0.075 -0.00023586 0.000117946 -0.000117914
0.076 -0.000235847 0.000117942 -0.000117905
0.077 -0.000235834 0.000117938 -0.000117896
0.078 -0.00023582 0.000117934 -0.000117886
0.079 -0.000235807 0.00011793 -0.000117877
0.08 -0.000235794 0.000117926 -0.000117868
0.081 -0.00023578 0.000117921 -0.000117859
0.082 -0.000235767 0.000117917 -0.00011785
0.083 -0.000235754 0.000117913 -0.000117841
0.084 -0.00023574 0.000117909 -0.000117831
0.085 -0.000235727 0.000117905 -0.000117822
0.086 -0.000235714 0.000117901 -0.000117813
0.087 -0.0002357 0.000117897 -0.000117804
0.088 -0.000235687 0.000117892 -0.000117795
0.089 -0.000235674 0.000117888 -0.000117786
0.09 -0.00023566 0.000117884 -0.000117776
0.091 -0.000235647 0.00011788 -0.000117767
0.092 -0.000235634 0.000117876 -0.000117758
0.093 -0.00023562 0.000117871 -0.000117749
0.094 -0.000235607 0.000117867 -0.00011774
0.095 -0.000235594 0.000117863 -0.000117731
0.096 -0.00023558 0.000117859 -0.000117721
0.097 -0.000235567 0.000117855 -0.000117712
0.098 -0.000235554 0.000117851 -0.000117703
0.099 -0.00023554 0.000117846 -0.000117694
0.1 -0.000235527 0.000117842 -0.000117685
0.101 -0.000235514 0.000117838 -0.000117676
0.102 -0.0002355 0.000117834 -0.000117667
0.103 -0.000235487 0.000117829 -0.000117657
0.104 -0.000235473 0.000117825 -0.000117648
0.105 -0.00023546 0.000117821 -0.000117639
0.106 -0.000235447 0.000117817 -0.00011763
0.107 -0.000235433 0.000117812 -0.000117621
0.108 -0.00023542 0.000117808 -0.000117612
0.109 -0.000235407 0.000117804 -0.000117603
0.11 -0.000235393 0.0001178 -0.000117594
0.111 -0.00023538 0.000117795 -0.000117584
0.112 -0.000235366 0.000117791 -0.000117575
0.113 -0.000235353 0.000117787 -0.000117566
0.114 -0.00023534 0.000117782 -0.000117557
0.115 -0.000235326 0.000117778 -0.000117548
0.116 -0.000235313 0.000117774 -0.000117539
0.117 -0.000235299 0.00011777 -0.00011753
0.118 -0.000235286 0.000117765 -0.000117521
0.119 -0.000235272 0.000117761 -0.000117511
0.12 -0.000235259 0.000117757 -0.000117502
0.121 -0.000235245 0.000117752 -0.000117493
0.122 -0.000235232 0.000117748 -0.000117484
0.123 -0.000235218 0.000117743 -0.000117475
0.124 -0.000235205 0.000117739 -0.000117466
0.125 -0.000235192 0.000117735 -0.000117457
0.126 -0.000235178 0.00011773 -0.000117448
0.127 -0.000235164 0.000117726 -0.000117439
0.128 -0.000235151 0.000117721 -0.00011743
0.129 -0.000235137 0.000117717 -0.000117421
0.13 -0.000235124 0.000117712 -0.000117411
0.131 -0.00023511 0.000117708 -0.000117402
0.132 -0.000235097 0.000117704 -0.000117393
0.133 -0.000235083 0.000117699 -0.000117384
0.134 -0.00023507 0.000117695 -0.000117375
0.135 -0.000235056 0.00011769 -0.000117366
0.136 -0.000235043 0.000117686 -0.000117357
0.137 -0.000235029 0.000117681 -0.000117348
0.138 -0.000235015 0.000117677 -0.000117339
0.139 -0.000235002 0.000117672 -0.00011733
0.14 -0.000234988 0.000117667 -0.000117321
0.141 -0.000234974 0.000117663 -0.000117312
0.142 -0.000234961 0.000117658 -0.000117303
0.143 -0.000234947 0.000117654 -0.000117294
0.144 -0.000234933 0.000117649 -0.000117284
0.145 -0.00023492 0.000117644 -0.000117275
0.146 -0.000234906 0.00011764 -0.000117266
0.147 -0.000234892 0.000117635 -0.000117257
0.148 -0.000234879 0.00011763 -0.000117248
0.149 -0.000234865 0.000117626 -0.000117239
0.15 -0.000234851 0.000117621 -0.00011723
0.151 -0.000234838 0.000117616 -0.000117221
0.152 -0.000234824 0.000117612 -0.000117212
0.153 -0.00023481 0.000117607 -0.000117203
0.154 -0.000234796 0.000117602 -0.000117194
0.155 -0.000234782 0.000117597 -0.000117185
0.156 -0.000234769 0.000117593 -0.000117176
0.157 -0.000234755 0.000117588 -0.000117167
0.158 -0.000234741 0.000117583 -0.000117158
0.159 -0.000234727 0.000117578 -0.000117149
0.16 -0.000234713 0.000117573 -0.00011714
0.161 -0.000234699 0.000117569 -0.000117131
0.162 -0.000234685 0.000117564 -0.000117122
0.163 -0.000234672 0.000117559 -0.000117113
0.164 -0.000234658 0.000117554 -0.000117104
0.165 -0.000234644 0.000117549 -0.000117095
0.166 -0.00023463 0.000117544 -0.000117086
0.167 -0.000234616 0.000117539 -0.000117077
0.168 -0.000234602 0.000117534 -0.000117068
0.169 -0.000234588 0.000117529 -0.000117059
0.17 -0.000234574 0.000117524 -0.00011705
0.171 -0.00023456 0.000117519 -0.000117041
0.172 -0.000234546 0.000117514 -0.000117032
0.173 -0.000234532 0.000117509 -0.000117023
0.174 -0.000234518 0.000117504 -0.000117014
0.175 -0.000234504 0.000117499 -0.000117005
0.176 -0.000234489 0.000117494 -0.000116996
0.177 -0.000234475 0.000117489 -0.000116987
0.178 -0.000234461 0.000117484 -0.000116978
0.179 -0.000234447 0.000117478 -0.000116969
0.18 -0.000234433 0.000117473 -0.00011696
0.181 -0.000234419 0.000117468 -0.000116951
0.182 -0.000234405 0.000117463 -0.000116942
0.183 -0.00023439 0.000117458 -0.000116933
0.184 -0.000234376 0.000117452 -0.000116924
0.185 -0.000234362 0.000117447 -0.000116915
0.186 -0.000234348 0.000117442 -0.000116906
0.187 -0.000234333 0.000117436 -0.000116897
0.188 -0.000234319 0.000117431 -0.000116888
0.189 -0.000234305 0.000117426 -0.000116879
0.19 -0.00023429 0.00011742 -0.00011687
0.191 -0.000234276 0.000117415 -0.000116861
0.192 -0.000234262 0.00011741 -0.000116852
0.193 -0.000234247 0.000117404 -0.000116843
0.194 -0.000234233 0.000117399 -0.000116834
0.195 -0.000234218 0.000117393 -0.000116825
0.196 -0.000234204 0.000117388 -0.000116816
0.197 -0.00023419 0.000117382 -0.000116807
0.198 -0.000234175 0.000117377 -0.000116798
0.199 -0.000234161 0.000117371 -0.000116789
0.2 -0.000234146 0.000117366 -0.000116781
0.201 -0.000234132 0.00011736 -0.000116772
0.202 -0.000234117 0.000117354 -0.000116763
0.203 -0.000234102 0.000117349 -0.000116754
0.204 -0.000234088 0.000117343 -0.000116745
0.205 -0.000234073 0.000117337 -0.000116736
0.206 -0.000234059 0.000117332 -0.000116727
0.207 -0.000234044 0.000117326 -0.000116718
0.208 -0.000234029 0.00011732 -0.000116709
0.209 -0.000234015 0.000117314 -0.0001167
0.21 -0.000234 0.000117309 -0.000116691
0.211 -0.000233985 0.000117303 -0.000116682
0.212 -0.00023397 0.000117297 -0.000116673
0.213 -0.000233956 0.000117291 -0.000116665
0.214 -0.000233941 0.000117285 -0.000116656
0.215 -0.000233926 0.000117279 -0.000116647
0.216 -0.000233911 0.000117273 -0.000116638
0.217 -0.000233896 0.000117268 -0.000116629
0.218 -0.000233882 0.000117262 -0.00011662
0.219 -0.000233867 0.000117256 -0.000116611
0.22 -0.000233852 0.00011725 -0.000116602
0.221 -0.000233837 0.000117244 -0.000116593
0.222 -0.000233822 0.000117237 -0.000116584
0.223 -0.000233807 0.000117231 -0.000116576
0.224 -0.000233792 0.000117225 -0.000116567
0.225 -0.000233777 0.000117219 -0.000116558
0.226 -0.000233762 0.000117213 -0.000116549
0.227 -0.000233747 0.000117207 -0.00011654
0.228 -0.000233732 0.000117201 -0.000116531
0.229 -0.000233717 0.000117194 -0.000116522
0.23 -0.000233701 0.000117188 -0.000116513
0.231 -0.000233686 0.000117182 -0.000116504
0.232 -0.000233671 0.000117176 -0.000116496
0.233 -0.000233656 0.000117169 -0.000116487
0.234 -0.000233641 0.000117163 -0.000116478
0.235 -0.000233626 0.000117157 -0.000116469
0.236 -0.00023361 0.00011715 -0.00011646
0.237 -0.000233595 0.000117144 -0.000116451
0.238 -0.00023358 0.000117137 -0.000116442
0.239 -0.000233564 0.000117131 -0.000116434
0.24 -0.000233549 0.000117124 -0.000116425
0.241 -0.000233534 0.000117118 -0.000116416
0.242 -0.000233518 0.000117111 -0.000116407
0.243 -0.000233503 0.000117105 -0.000116398
0.244 -0.000233487 0.000117098 -0.000116389
0.245 -0.000233472 0.000117091 -0.000116381
0.246 -0.000233456 0.000117085 -0.000116372
0.247 -0.000233441 0.000117078 -0.000116363
0.248 -0.000233425 0.000117071 -0.000116354
0.249 -0.00023341 0.000117065 -0.000116345
0.25 -0.000233394 0.000117058 -0.000116336
0.251 -0.000233379 0.000117051 -0.000116328
0.252 -0.000233363 0.000117044 -0.000116319
0.253 -0.000233347 0.000117038 -0.00011631
0.254 -0.000233332 0.000117031 -0.000116301
0.255 -0.000233316 0.000117024 -0.000116292
0.256 -0.0002333 0.000117017 -0.000116283
0.257 -0.000233285 0.00011701 -0.000116275
0.258 -0.000233269 0.000117003 -0.000116266
0.259 -0.000233253 0.000116996 -0.000116257
0.26 -0.000233237 0.000116989 -0.000116248
0.261 -0.000233221 0.000116982 -0.000116239
0.262 -0.000233206 0.000116975 -0.000116231
0.263 -0.00023319 0.000116968 -0.000116222
0.264 -0.000233174 0.000116961 -0.000116213
0.265 -0.000233158 0.000116954 -0.000116204
0.266 -0.000233142 0.000116946 -0.000116195
0.267 -0.000233126 0.000116939 -0.000116187
0.268 -0.00023311 0.000116932 -0.000116178
0.269 -0.000233094 0.000116925 -0.000116169
0.27 -0.000233078 0.000116917 -0.00011616
0.271 -0.000233062 0.00011691 -0.000116151
0.272 -0.000233046 0.000116903 -0.000116143
0.273 -0.000233029 0.000116896 -0.000116134
0.274 -0.000233013 0.000116888 -0.000116125
0.275 -0.000232997 0.000116881 -0.000116116
0.276 -0.000232981 0.000116873 -0.000116108
0.277 -0.000232965 0.000116866 -0.000116099
0.278 -0.000232948 0.000116858 -0.00011609
0.279 -0.000232932 0.000116851 -0.000116081
0.28 -0.000232916 0.000116843 -0.000116073
0.281 -0.0002329 0.000116836 -0.000116064
0.282 -0.000232883 0.000116828 -0.000116055
0.283 -0.000232867 0.00011682 -0.000116046
0.284 -0.00023285 0.000116813 -0.000116038
0.285 -0.000232834 0.000116805 -0.000116029
0.286 -0.000232818 0.000116797 -0.00011602
0.287 -0.000232801 0.00011679 -0.000116011
0.288 -0.000232785 0.000116782 -0.000116003
0.289 -0.000232768 0.000116774 -0.000115994
0.29 -0.000232751 0.000116766 -0.000115985
0.291 -0.000232735 0.000116758 -0.000115976
0.292 -0.000232718 0.000116751 -0.000115968
0.293 -0.000232702 0.000116743 -0.000115959
0.294 -0.000232685 0.000116735 -0.00011595
0.295 -0.000232668 0.000116727 -0.000115942
0.296 -0.000232652 0.000116719 -0.000115933
0.297 -0.000232635 0.000116711 -0.000115924
0.298 -0.000232618 0.000116703 -0.000115915
0.299 -0.000232601 0.000116695 -0.000115907
0.3 -0.000232585 0.000116687 -0.000115898
0.301 -0.000232568 0.000116679 -0.000115889
0.302 -0.000232551 0.00011667 -0.000115881
0.303 -0.000232534 0.000116662 -0.000115872
0.304 -0.000232517 0.000116654 -0.000115863
0.305 -0.0002325 0.000116646 -0.000115854
0.306 -0.000232483 0.000116638 -0.000115846
0.307 -0.000232466 0.000116629 -0.000115837
0.308 -0.000232449 0.000116621 -0.000115828
0.309 -0.000232432 0.000116613 -0.00011582
0.31 -0.000232415 0.000116604 -0.000115811
0.311 -0.000232398 0.000116596 -0.000115802
0.312 -0.000232381 0.000116587 -0.000115794
0.313 -0.000232364 0.000116579 -0.000115785
0.314 -0.000232347 0.00011657 -0.000115776
0.315 -0.00023233 0.000116562 -0.000115768
0.316 -0.000232312 0.000116553 -0.000115759
0.317 -0.000232295 0.000116545 -0.00011575
0.318 -0.000232278 0.000116536 -0.000115742
0.319 -0.000232261 0.000116528 -0.000115733
0.32 -0.000232243 0.000116519 -0.000115724
0.321 -0.000232226 0.00011651 -0.000115716
0.322 -0.000232209 0.000116502 -0.000115707
0.323 -0.000232191 0.000116493 -0.000115698
0.324 -0.000232174 0.000116484 -0.00011569
0.325 -0.000232156 0.000116475 -0.000115681
0.326 -0.000232139 0.000116467 -0.000115672
0.327 -0.000232122 0.000116458 -0.000115664
0.328 -0.000232104 0.000116449 -0.000115655
0.329 -0.000232087 0.00011644 -0.000115647
0.33 -0.000232069 0.000116431 -0.000115638
0.331 -0.000232051 0.000116422 -0.000115629
0.332 -0.000232034 0.000116413 -0.000115621
0.333 -0.000232016 0.000116404 -0.000115612
0.334 -0.000231999 0.000116395 -0.000115603
0.335 -0.000231981 0.000116386 -0.000115595
0.336 -0.000231963 0.000116377 -0.000115586
0.337 -0.000231945 0.000116368 -0.000115578
0.338 -0.000231928 0.000116359 -0.000115569
0.339 -0.00023191 0.00011635 -0.00011556
0.34 -0.000231892 0.00011634 -0.000115552
0.341 -0.000231874 0.000116331 -0.000115543
0.342 -0.000231857 0.000116322 -0.000115535
0.343 -0.000231839 0.000116313 -0.000115526
0.344 -0.000231821 0.000116303 -0.000115517
0.345 -0.000231803 0.000116294 -0.000115509
0.346 -0.000231785 0.000116285 -0.0001155
0.347 -0.000231767 0.000116275 -0.000115492
0.348 -0.000231749 0.000116266 -0.000115483
0.349 -0.000231731 0.000116257 -0.000115474
0.35 -0.000231713 0.000116247 -0.000115466
0.351 -0.000231695 0.000116238 -0.000115457
0.352 -0.000231677 0.000116228 -0.000115449
0.353 -0.000231659 0.000116219 -0.00011544
0.354 -0.000231641 0.000116209 -0.000115432
0.355 -0.000231622 0.000116199 -0.000115423
0.356 -0.000231604 0.00011619 -0.000115414
0.357 -0.000231586 0.00011618 -0.000115406
0.358 -0.000231568 0.000116171 -0.000115397
0.359 -0.00023155 0.000116161 -0.000115389
0.36 -0.000231531 0.000116151 -0.00011538
0.361 -0.000231513 0.000116141 -0.000115372
0.362 -0.000231495 0.000116132 -0.000115363
0.363 -0.000231476 0.000116122 -0.000115355
0.364 -0.000231458 0.000116112 -0.000115346
0.365 -0.00023144 0.000116102 -0.000115337
0.366 -0.000231421 0.000116092 -0.000115329
0.367 -0.000231403 0.000116082 -0.00011532
0.368 -0.000231384 0.000116072 -0.000115312
0.369 -0.000231366 0.000116062 -0.000115303
0.37 -0.000231347 0.000116053 -0.000115295
0.371 -0.000231329 0.000116043 -0.000115286
0.372 -0.00023131 0.000116032 -0.000115278
0.373 -0.000231292 0.000116022 -0.000115269
0.374 -0.000231273 0.000116012 -0.000115261
0.375 -0.000231255 0.000116002 -0.000115252
0.376 -0.000231236 0.000115992 -0.000115244
0.377 -0.000231217 0.000115982 -0.000115235
0.378 -0.000231199 0.000115972 -0.000115227
0.379 -0.00023118 0.000115962 -0.000115218
0.38 -0.000231161 0.000115951 -0.00011521
0.381 -0.000231142 0.000115941 -0.000115201
0.382 -0.000231124 0.000115931 -0.000115193
0.383 -0.000231105 0.000115921 -0.000115184
0.384 -0.000231086 0.00011591 -0.000115176
0.385 -0.000231067 0.0001159 -0.000115167
0.386 -0.000231048 0.00011589 -0.000115159
0.387 -0.000231029 0.000115879 -0.00011515
0.388 -0.000231011 0.000115869 -0.000115142
0.389 -0.000230992 0.000115858 -0.000115133
0.39 -0.000230973 0.000115848 -0.000115125
0.391 -0.000230954 0.000115837 -0.000115116
0.392 -0.000230935 0.000115827 -0.000115108
0.393 -0.000230916 0.000115816 -0.0001151
0.394 -0.000230897 0.000115806 -0.000115091
0.395 -0.000230878 0.000115795 -0.000115083
0.396 -0.000230859 0.000115784 -0.000115074
0.397 -0.00023084 0.000115774 -0.000115066
0.398 -0.00023082 0.000115763 -0.000115057
0.399 -0.000230801 0.000115753 -0.000115049
0.4 -0.000230782 0.000115742 -0.00011504
0.401 -0.000230763 0.000115731 -0.000115032
0.402 -0.000230744 0.00011572 -0.000115024
0.403 -0.000230725 0.00011571 -0.000115015
0.404 -0.000230705 0.000115699 -0.000115007
0.405 -0.000230686 0.000115688 -0.000114998
0.406 -0.000230667 0.000115677 -0.00011499
0.407 -0.000230648 0.000115666 -0.000114981
0.408 -0.000230628 0.000115655 -0.000114973
0.409 -0.000230609 0.000115644 -0.000114965
0.41 -0.00023059 0.000115634 -0.000114956
0.411 -0.00023057 0.000115623 -0.000114948
0.412 -0.000230551 0.000115612 -0.000114939
0.413 -0.000230532 0.000115601 -0.000114931
0.414 -0.000230512 0.00011559 -0.000114923
0.415 -0.000230493 0.000115579 -0.000114914
0.416 -0.000230473 0.000115568 -0.000114906
0.417 -0.000230454 0.000115556 -0.000114897
0.418 -0.000230434 0.000115545 -0.000114889
0.419 -0.000230415 0.000115534 -0.000114881
0.42 -0.000230395 0.000115523 -0.000114872
0.421 -0.000230376 0.000115512 -0.000114864
0.422 -0.000230356 0.000115501 -0.000114855
0.423 -0.000230337 0.00011549 -0.000114847
0.424 -0.000230317 0.000115478 -0.000114839
0.425 -0.000230297 0.000115467 -0.00011483
0.426 -0.000230278 0.000115456 -0.000114822
0.427 -0.000230258 0.000115445 -0.000114814
0.428 -0.000230239 0.000115433 -0.000114805
0.429 -0.000230219 0.000115422 -0.000114797
0.43 -0.000230199 0.000115411 -0.000114789
0.431 -0.000230179 0.000115399 -0.00011478
0.432 -0.00023016 0.000115388 -0.000114772
0.433 -0.00023014 0.000115376 -0.000114764
0.434 -0.00023012 0.000115365 -0.000114755
0.435 -0.0002301 0.000115354 -0.000114747
0.436 -0.000230081 0.000115342 -0.000114739
0.437 -0.000230061 0.000115331 -0.00011473
0.438 -0.000230041 0.000115319 -0.000114722
0.439 -0.000230021 0.000115308 -0.000114714
0.44 -0.000230001 0.000115296 -0.000114705
0.441 -0.000229981 0.000115285 -0.000114697
0.442 -0.000229962 0.000115273 -0.000114689
0.443 -0.000229942 0.000115261 -0.00011468
0.444 -0.000229922 0.00011525 -0.000114672
0.445 -0.000229902 0.000115238 -0.000114664
0.446 -0.000229882 0.000115227 -0.000114655
0.447 -0.000229862 0.000115215 -0.000114647
0.448 -0.000229842 0.000115203 -0.000114639
0.449 -0.000229822 0.000115192 -0.00011463
0.45 -0.000229802 0.00011518 -0.000114622
0.451 -0.000229782 0.000115168 -0.000114614
0.452 -0.000229762 0.000115156 -0.000114606
0.453 -0.000229742 0.000115145 -0.000114597
0.454 -0.000229722 0.000115133 -0.000114589
0.455 -0.000229702 0.000115121 -0.000114581
0.456 -0.000229682 0.000115109 -0.000114572
0.457 -0.000229662 0.000115097 -0.000114564
0.458 -0.000229641 0.000115086 -0.000114556
0.459 -0.000229621 0.000115074 -0.000114548
0.46 -0.000229601 0.000115062 -0.000114539
0.461 -0.000229581 0.00011505 -0.000114531
0.462 -0.000229561 0.000115038 -0.000114523
0.463 -0.000229541 0.000115026 -0.000114515
0.464 -0.000229521 0.000115014 -0.000114506
0.465 -0.0002295 0.000115002 -0.000114498
0.466 -0.00022948 0.00011499 -0.00011449
0.467 -0.00022946 0.000114978 -0.000114482
0.468 -0.00022944 0.000114966 -0.000114473
0.469 -0.000229419 0.000114954 -0.000114465
0.47 -0.000229399 0.000114942 -0.000114457
0.471 -0.000229379 0.00011493 -0.000114449
0.472 -0.000229359 0.000114918 -0.00011444
0.473 -0.000229338 0.000114906 -0.000114432
0.474 -0.000229318 0.000114894 -0.000114424
0.475 -0.000229298 0.000114882 -0.000114416
0.476 -0.000229277 0.00011487 -0.000114407
0.477 -0.000229257 0.000114858 -0.000114399
0.478 -0.000229237 0.000114846 -0.000114391
0.479 -0.000229216 0.000114834 -0.000114383
0.48 -0.000229196 0.000114821 -0.000114375
0.481 -0.000229176 0.000114809 -0.000114366
0.482 -0.000229155 0.000114797 -0.000114358
0.483 -0.000229135 0.000114785 -0.00011435
0.484 -0.000229115 0.000114773 -0.000114342
0.485 -0.000229094 0.00011476 -0.000114334
0.486 -0.000229074 0.000114748 -0.000114325
0.487 -0.000229053 0.000114736 -0.000114317
0.488 -0.000229033 0.000114724 -0.000114309
0.489 -0.000229012 0.000114711 -0.000114301
0.49 -0.000228992 0.000114699 -0.000114293
0.491 -0.000228972 0.000114687 -0.000114285
0.492 -0.000228951 0.000114675 -0.000114276
0.493 -0.000228931 0.000114662 -0.000114268
0.494 -0.00022891 0.00011465 -0.00011426
0.495 -0.00022889 0.000114638 -0.000114252
0.496 -0.000228869 0.000114625 -0.000114244
0.497 -0.000228849 0.000114613 -0.000114236
0.498 -0.000228828 0.000114601 -0.000114227
0.499 -0.000228808 0.000114588 -0.000114219
0.5 -0.000228787 0.000114576 -0.000114211
0.501 -0.000228767 0.000114563 -0.000114203
0.502 -0.000228746 0.000114551 -0.000114195
0.503 -0.000228725 0.000114539 -0.000114187
0.504 -0.000228705 0.000114526 -0.000114179
0.505 -0.000228684 0.000114514 -0.00011417
0.506 -0.000228664 0.000114501 -0.000114162
0.507 -0.000228643 0.000114489 -0.000114154
0.508 -0.000228623 0.000114476 -0.000114146
0.509 -0.000228602 0.000114464 -0.000114138
0.51 -0.000228581 0.000114452 -0.00011413
0.511 -0.000228561 0.000114439 -0.000114122
0.512 -0.00022854 0.000114427 -0.000114114
0.513 -0.00022852 0.000114414 -0.000114106
0.514 -0.000228499 0.000114402 -0.000114097
0.515 -0.000228478 0.000114389 -0.000114089
0.516 -0.000228458 0.000114377 -0.000114081
0.517 -0.000228437 0.000114364 -0.000114073
0.518 -0.000228417 0.000114352 -0.000114065
0.519 -0.000228396 0.000114339 -0.000114057
0.52 -0.000228375 0.000114326 -0.000114049
0.521 -0.000228355 0.000114314 -0.000114041
0.522 -0.000228334 0.000114301 -0.000114033
0.523 -0.000228313 0.000114289 -0.000114025
0.524 -0.000228293 0.000114276 -0.000114017
0.525 -0.000228272 0.000114264 -0.000114009
0.526 -0.000228252 0.000114251 -0.000114
0.527 -0.000228231 0.000114239 -0.000113992
0.528 -0.00022821 0.000114226 -0.000113984
0.529 -0.00022819 0.000114213 -0.000113976
0.53 -0.000228169 0.000114201 -0.000113968
0.531 -0.000228148 0.000114188 -0.00011396
0.532 -0.000228128 0.000114176 -0.000113952
0.533 -0.000228107 0.000114163 -0.000113944
0.534 -0.000228086 0.00011415 -0.000113936
0.535 -0.000228066 0.000114138 -0.000113928
0.536 -0.000228045 0.000114125 -0.00011392
0.537 -0.000228024 0.000114112 -0.000113912
0.538 -0.000228004 0.0001141 -0.000113904
0.539 -0.000227983 0.000114087 -0.000113896
0.54 -0.000227962 0.000114075 -0.000113888
0.541 -0.000227942 0.000114062 -0.00011388
0.542 -0.000227921 0.000114049 -0.000113872
0.543 -0.0002279 0.000114037 -0.000113864
0.544 -0.00022788 0.000114024 -0.000113856
0.545 -0.000227859 0.000114011 -0.000113848
0.546 -0.000227838 0.000113999 -0.00011384
0.547 -0.000227818 0.000113986 -0.000113832
0.548 -0.000227797 0.000113973 -0.000113824
0.549 -0.000227776 0.000113961 -0.000113816
0.55 -0.000227756 0.000113948 -0.000113808
0.551 -0.000227735 0.000113935 -0.0001138
0.552 -0.000227714 0.000113923 -0.000113792
0.553 -0.000227694 0.00011391 -0.000113784
0.554 -0.000227673 0.000113897 -0.000113776
0.555 -0.000227653 0.000113885 -0.000113768
0.556 -0.000227632 0.000113872 -0.00011376
0.557 -0.000227611 0.000113859 -0.000113752
0.558 -0.000227591 0.000113847 -0.000113744
0.559 -0.00022757 0.000113834 -0.000113736
0.56 -0.000227549 0.000113821 -0.000113728
0.561 -0.000227529 0.000113809 -0.00011372
0.562 -0.000227508 0.000113796 -0.000113712
0.563 -0.000227487 0.000113783 -0.000113704
0.564 -0.000227467 0.000113771 -0.000113696
0.565 -0.000227446 0.000113758 -0.000113688
0.566 -0.000227426 0.000113745 -0.00011368
0.567 -0.000227405 0.000113733 -0.000113672
0.568 -0.000227384 0.00011372 -0.000113664
0.569 -0.000227364 0.000113707 -0.000113656
0.57 -0.000227343 0.000113695 -0.000113648
0.571 -0.000227323 0.000113682 -0.000113641
0.572 -0.000227302 0.000113669 -0.000113633
0.573 -0.000227281 0.000113657 -0.000113625
0.574 -0.000227261 0.000113644 -0.000113617
0.575 -0.00022724 0.000113632 -0.000113609
0.576 -0.00022722 0.000113619 -0.000113601
0.577 -0.000227199 0.000113606 -0.000113593
0.578 -0.000227179 0.000113594 -0.000113585
0.579 -0.000227158 0.000113581 -0.000113577
0.58 -0.000227138 0.000113568 -0.000113569
0.581 -0.000227117 0.000113556 -0.000113561
0.582 -0.000227097 0.000113543 -0.000113553
0.583 -0.000227076 0.00011353 -0.000113546
0.584 -0.000227056 0.000113518 -0.000113538
0.585 -0.000227035 0.000113505 -0.00011353
0.586 -0.000227015 0.000113493 -0.000113522
0.587 -0.000226994 0.00011348 -0.000113514
0.588 -0.000226974 0.000113467 -0.000113506
0.589 -0.000226953 0.000113455 -0.000113498
0.59 -0.000226933 0.000113442 -0.00011349
0.591 -0.000226912 0.00011343 -0.000113482
0.592 -0.000226892 0.000113417 -0.000113475
0.593 -0.000226871 0.000113405 -0.000113467
0.594 -0.000226851 0.000113392 -0.000113459
0.595 -0.00022683 0.000113379 -0.000113451
0.596 -0.00022681 0.000113367 -0.000113443
0.597 -0.00022679 0.000113354 -0.000113435
0.598 -0.000226769 0.000113342 -0.000113427
0.599 -0.000226749 0.000113329 -0.00011342
0.6 -0.000226728 0.000113317 -0.000113412
0.601 -0.000226708 0.000113304 -0.000113404
0.602 -0.000226688 0.000113292 -0.000113396
0.603 -0.000226667 0.000113279 -0.000113388
0.604 -0.000226647 0.000113267 -0.00011338
0.605 -0.000226627 0.000113254 -0.000113373
0.606 -0.000226606 0.000113242 -0.000113365
0.607 -0.000226586 0.000113229 -0.000113357
0.608 -0.000226566 0.000113217 -0.000113349
0.609 -0.000226545 0.000113204 -0.000113341
0.61 -0.000226525 0.000113192 -0.000113333
0.611 -0.000226505 0.000113179 -0.000113326
0.612 -0.000226485 0.000113167 -0.000113318
0.613 -0.000226464 0.000113154 -0.00011331
0.614 -0.000226444 0.000113142 -0.000113302
0.615 -0.000226424 0.00011313 -0.000113294
0.616 -0.000226404 0.000113117 -0.000113287
0.617 -0.000226384 0.000113105 -0.000113279
0.618 -0.000226363 0.000113092 -0.000113271
0.619 -0.000226343 0.00011308 -0.000113263
0.62 -0.000226323 0.000113068 -0.000113255
0.621 -0.000226303 0.000113055 -0.000113248
0.622 -0.000226283 0.000113043 -0.00011324
0.623 -0.000226263 0.000113031 -0.000113232
0.624 -0.000226243 0.000113018 -0.000113224
0.625 -0.000226223 0.000113006 -0.000113216
0.626 -0.000226202 0.000112994 -0.000113209
0.627 -0.000226182 0.000112981 -0.000113201
0.628 -0.000226162 0.000112969 -0.000113193
0.629 -0.000226142 0.000112957 -0.000113185
0.63 -0.000226122 0.000112945 -0.000113178
0.631 -0.000226102 0.000112932 -0.00011317
0.632 -0.000226082 0.00011292 -0.000113162
0.633 -0.000226062 0.000112908 -0.000113154
0.634 -0.000226042 0.000112896 -0.000113147
0.635 -0.000226022 0.000112884 -0.000113139
0.636 -0.000226002 0.000112871 -0.000113131
0.637 -0.000225983 0.000112859 -0.000113123
0.638 -0.000225963 0.000112847 -0.000113116
0.639 -0.000225943 0.000112835 -0.000113108
0.64 -0.000225923 0.000112823 -0.0001131
0.641 -0.000225903 0.000112811 -0.000113092
0.642 -0.000225883 0.000112798 -0.000113085
0.643 -0.000225863 0.000112786 -0.000113077
0.644 -0.000225844 0.000112774 -0.000113069
0.645 -0.000225824 0.000112762 -0.000113062
0.646 -0.000225804 0.00011275 -0.000113054
0.647 -0.000225784 0.000112738 -0.000113046
0.648 -0.000225764 0.000112726 -0.000113038
0.649 -0.000225745 0.000112714 -0.000113031
0.65 -0.000225725 0.000112702 -0.000113023
0.651 -0.000225705 0.00011269 -0.000113015
0.652 -0.000225686 0.000112678 -0.000113008
0.653 -0.000225666 0.000112666 -0.000113
0.654 -0.000225646 0.000112654 -0.000112992
0.655 -0.000225627 0.000112642 -0.000112984
0.656 -0.000225607 0.00011263 -0.000112977
0.657 -0.000225587 0.000112618 -0.000112969
0.658 -0.000225568 0.000112606 -0.000112961
0.659 -0.000225548 0.000112595 -0.000112954
0.66 -0.000225529 0.000112583 -0.000112946
0.661 -0.000225509 0.000112571 -0.000112938
0.662 -0.00022549 0.000112559 -0.000112931
0.663 -0.00022547 0.000112547 -0.000112923
0.664 -0.000225451 0.000112535 -0.000112915
0.665 -0.000225431 0.000112524 -0.000112908
0.666 -0.000225412 0.000112512 -0.0001129
0.667 -0.000225393 0.0001125 -0.000112892
0.668 -0.000225373 0.000112488 -0.000112885
0.669 -0.000225354 0.000112477 -0.000112877
0.67 -0.000225334 0.000112465 -0.000112869
0.671 -0.000225315 0.000112453 -0.000112862
0.672 -0.000225296 0.000112442 -0.000112854
0.673 -0.000225277 0.00011243 -0.000112846
0.674 -0.000225257 0.000112418 -0.000112839
0.675 -0.000225238 0.000112407 -0.000112831
0.676 -0.000225219 0.000112395 -0.000112824
0.677 -0.0002252 0.000112384 -0.000112816
0.678 -0.00022518 0.000112372 -0.000112808
0.679 -0.000225161 0.000112361 -0.000112801
0.68 -0.000225142 0.000112349 -0.000112793
0.681 -0.000225123 0.000112338 -0.000112785
0.682 -0.000225104 0.000112326 -0.000112778
0.683 -0.000225085 0.000112315 -0.00011277
0.684 -0.000225066 0.000112303 -0.000112763
0.685 -0.000225047 0.000112292 -0.000112755
0.686 -0.000225028 0.00011228 -0.000112747
0.687 -0.000225009 0.000112269 -0.00011274
0.688 -0.00022499 0.000112257 -0.000112732
0.689 -0.000224971 0.000112246 -0.000112725
0.69 -0.000224952 0.000112235 -0.000112717
0.691 -0.000224933 0.000112223 -0.000112709
0.692 -0.000224914 0.000112212 -0.000112702
0.693 -0.000224895 0.000112201 -0.000112694
0.694 -0.000224876 0.00011219 -0.000112687
0.695 -0.000224857 0.000112178 -0.000112679
0.696 -0.000224839 0.000112167 -0.000112671
0.697 -0.00022482 0.000112156 -0.000112664
0.698 -0.000224801 0.000112145 -0.000112656
0.699 -0.000224782 0.000112134 -0.000112649
0.7 -0.000224764 0.000112122 -0.000112641
0.701 -0.000224745 0.000112111 -0.000112634
0.702 -0.000224726 0.0001121 -0.000112626
0.703 -0.000224708 0.000112089 -0.000112618
0.704 -0.000224689 0.000112078 -0.000112611
0.705 -0.00022467 0.000112067 -0.000112603
0.706 -0.000224652 0.000112056 -0.000112596
0.707 -0.000224633 0.000112045 -0.000112588
0.708 -0.000224615 0.000112034 -0.000112581
0.709 -0.000224596 0.000112023 -0.000112573
0.71 -0.000224578 0.000112012 -0.000112566
0.711 -0.000224559 0.000112001 -0.000112558
0.712 -0.000224541 0.00011199 -0.00011255
0.713 -0.000224522 0.00011198 -0.000112543
0.714 -0.000224504 0.000111969 -0.000112535
0.715 -0.000224486 0.000111958 -0.000112528
0.716 -0.000224467 0.000111947 -0.00011252
0.717 -0.000224449 0.000111936 -0.000112513
0.718 -0.000224431 0.000111926 -0.000112505
0.719 -0.000224412 0.000111915 -0.000112498
0.72 -0.000224394 0.000111904 -0.00011249
0.721 -0.000224376 0.000111893 -0.000112483
0.722 -0.000224358 0.000111883 -0.000112475
0.723 -0.00022434 0.000111872 -0.000112468
0.724 -0.000224322 0.000111861 -0.00011246
0.725 -0.000224303 0.000111851 -0.000112453
0.726 -0.000224285 0.00011184 -0.000112445
0.727 -0.000224267 0.00011183 -0.000112438
0.728 -0.000224249 0.000111819 -0.00011243
0.729 -0.000224231 0.000111809 -0.000112423
0.73 -0.000224213 0.000111798 -0.000112415
0.731 -0.000224195 0.000111788 -0.000112408
0.732 -0.000224177 0.000111777 -0.0001124
0.733 -0.000224159 0.000111767 -0.000112393
0.734 -0.000224142 0.000111756 -0.000112385
0.735 -0.000224124 0.000111746 -0.000112378
0.736 -0.000224106 0.000111736 -0.00011237
0.737 -0.000224088 0.000111725 -0.000112363
0.738 -0.00022407 0.000111715 -0.000112355
0.739 -0.000224053 0.000111705 -0.000112348
0.74 -0.000224035 0.000111695 -0.00011234
0.741 -0.000224017 0.000111684 -0.000112333
0.742 -0.000224 0.000111674 -0.000112325
0.743 -0.000223982 0.000111664 -0.000112318
0.744 -0.000223964 0.000111654 -0.00011231
0.745 -0.000223947 0.000111644 -0.000112303
0.746 -0.000223929 0.000111634 -0.000112295
0.747 -0.000223912 0.000111624 -0.000112288
0.748 -0.000223894 0.000111613 -0.000112281
0.749 -0.000223877 0.000111603 -0.000112273
0.75 -0.000223859 0.000111593 -0.000112266
0.751 -0.000223842 0.000111583 -0.000112258
0.752 -0.000223824 0.000111574 -0.000112251
0.753 -0.000223807 0.000111564 -0.000112243
0.754 -0.00022379 0.000111554 -0.000112236
0.755 -0.000223772 0.000111544 -0.000112228
0.756 -0.000223755 0.000111534 -0.000112221
0.757 -0.000223738 0.000111524 -0.000112214
0.758 -0.00022372 0.000111514 -0.000112206
0.759 -0.000223703 0.000111505 -0.000112199
0.76 -0.000223686 0.000111495 -0.000112191
0.761 -0.000223669 0.000111485 -0.000112184
0.762 -0.000223652 0.000111475 -0.000112176
0.763 -0.000223635 0.000111466 -0.000112169
0.764 -0.000223618 0.000111456 -0.000112162
0.765 -0.000223601 0.000111446 -0.000112154
0.766 -0.000223584 0.000111437 -0.000112147
0.767 -0.000223567 0.000111427 -0.000112139
0.768 -0.00022355 0.000111418 -0.000112132
0.769 -0.000223533 0.000111408 -0.000112125
0.77 -0.000223516 0.000111399 -0.000112117
0.771 -0.000223499 0.000111389 -0.00011211
0.772 -0.000223482 0.00011138 -0.000112102
0.773 -0.000223465 0.00011137 -0.000112095
0.774 -0.000223448 0.000111361 -0.000112088
0.775 -0.000223432 0.000111352 -0.00011208
0.776 -0.000223415 0.000111342 -0.000112073
0.777 -0.000223398 0.000111333 -0.000112065
0.778 -0.000223382 0.000111324 -0.000112058
0.779 -0.000223365 0.000111314 -0.000112051
0.78 -0.000223348 0.000111305 -0.000112043
0.781 -0.000223332 0.000111296 -0.000112036
0.782 -0.000223315 0.000111287 -0.000112029
0.783 -0.000223299 0.000111278 -0.000112021
0.784 -0.000223282 0.000111268 -0.000112014
0.785 -0.000223266 0.000111259 -0.000112006
0.786 -0.000223249 0.00011125 -0.000111999
0.787 -0.000223233 0.000111241 -0.000111992
0.788 -0.000223216 0.000111232 -0.000111984
0.789 -0.0002232 0.000111223 -0.000111977
0.79 -0.000223184 0.000111214 -0.00011197
0.791 -0.000223168 0.000111205 -0.000111962
0.792 -0.000223151 0.000111196 -0.000111955
0.793 -0.000223135 0.000111187 -0.000111948
0.794 -0.000223119 0.000111179 -0.00011194
0.795 -0.000223103 0.00011117 -0.000111933
0.796 -0.000223086 0.000111161 -0.000111925
0.797 -0.00022307 0.000111152 -0.000111918
0.798 -0.000223054 0.000111143 -0.000111911
0.799 -0.000223038 0.000111135 -0.000111903
0.8 -0.000223022 0.000111126 -0.000111896
0.801 -0.000223006 0.000111117 -0.000111889
0.802 -0.00022299 0.000111109 -0.000111881
0.803 -0.000222974 0.0001111 -0.000111874
0.804 -0.000222958 0.000111092 -0.000111867
0.805 -0.000222942 0.000111083 -0.000111859
0.806 -0.000222927 0.000111074 -0.000111852
0.807 -0.000222911 0.000111066 -0.000111845
0.808 -0.000222895 0.000111057 -0.000111838
0.809 -0.000222879 0.000111049 -0.00011183
0.81 -0.000222863 0.000111041 -0.000111823
0.811 -0.000222848 0.000111032 -0.000111816
0.812 -0.000222832 0.000111024 -0.000111808
0.813 -0.000222816 0.000111016 -0.000111801
0.814 -0.000222801 0.000111007 -0.000111794
0.815 -0.000222785 0.000110999 -0.000111786
0.816 -0.00022277 0.000110991 -0.000111779
0.817 -0.000222754 0.000110982 -0.000111772
0.818 -0.000222739 0.000110974 -0.000111764
0.819 -0.000222723 0.000110966 -0.000111757
0.82 -0.000222708 0.000110958 -0.00011175
0.821 -0.000222692 0.00011095 -0.000111743
0.822 -0.000222677 0.000110942 -0.000111735
0.823 -0.000222662 0.000110934 -0.000111728
0.824 -0.000222646 0.000110926 -0.000111721
0.825 -0.000222631 0.000110918 -0.000111713
0.826 -0.000222616 0.00011091 -0.000111706
0.827 -0.000222601 0.000110902 -0.000111699
0.828 -0.000222585 0.000110894 -0.000111692
0.829 -0.00022257 0.000110886 -0.000111684
0.83 -0.000222555 0.000110878 -0.000111677
0.831 -0.00022254 0.00011087 -0.00011167
0.832 -0.000222525 0.000110862 -0.000111662
0.833 -0.00022251 0.000110855 -0.000111655
0.834 -0.000222495 0.000110847 -0.000111648
0.835 -0.00022248 0.000110839 -0.000111641
0.836 -0.000222465 0.000110831 -0.000111633
0.837 -0.00022245 0.000110824 -0.000111626
0.838 -0.000222435 0.000110816 -0.000111619
0.839 -0.00022242 0.000110809 -0.000111612
0.84 -0.000222405 0.000110801 -0.000111604
0.841 -0.00022239 0.000110793 -0.000111597
0.842 -0.000222376 0.000110786 -0.00011159
0.843 -0.000222361 0.000110778 -0.000111583
0.844 -0.000222346 0.000110771 -0.000111575
0.845 -0.000222332 0.000110763 -0.000111568
0.846 -0.000222317 0.000110756 -0.000111561
0.847 -0.000222302 0.000110749 -0.000111554
0.848 -0.000222288 0.000110741 -0.000111546
0.849 -0.000222273 0.000110734 -0.000111539
0.85 -0.000222259 0.000110727 -0.000111532
0.851 -0.000222244 0.000110719 -0.000111525
0.852 -0.00022223 0.000110712 -0.000111517
0.853 -0.000222215 0.000110705 -0.00011151
0.854 -0.000222201 0.000110698 -0.000111503
0.855 -0.000222186 0.00011069 -0.000111496
0.856 -0.000222172 0.000110683 -0.000111489
0.857 -0.000222158 0.000110676 -0.000111481
0.858 -0.000222143 0.000110669 -0.000111474
0.859 -0.000222129 0.000110662 -0.000111467
0.86 -0.000222115 0.000110655 -0.00011146
0.861 -0.000222101 0.000110648 -0.000111452
0.862 -0.000222086 0.000110641 -0.000111445
0.863 -0.000222072 0.000110634 -0.000111438
0.864 -0.000222058 0.000110627 -0.000111431
0.865 -0.000222044 0.00011062 -0.000111424
0.866 -0.00022203 0.000110613 -0.000111416
0.867 -0.000222016 0.000110607 -0.000111409
0.868 -0.000222002 0.0001106 -0.000111402
0.869 -0.000221988 0.000110593 -0.000111395
0.87 -0.000221974 0.000110586 -0.000111388
0.871 -0.00022196 0.00011058 -0.00011138
0.872 -0.000221946 0.000110573 -0.000111373
0.873 -0.000221932 0.000110566 -0.000111366
0.874 -0.000221918 0.00011056 -0.000111359
0.875 -0.000221905 0.000110553 -0.000111352
0.876 -0.000221891 0.000110546 -0.000111344
0.877 -0.000221877 0.00011054 -0.000111337
0.878 -0.000221863 0.000110533 -0.00011133
0.879 -0.00022185 0.000110527 -0.000111323
0.88 -0.000221836 0.00011052 -0.000111316
0.881 -0.000221822 0.000110514 -0.000111309
0.882 -0.000221809 0.000110507 -0.000111301
0.883 -0.000221795 0.000110501 -0.000111294
0.884 -0.000221782 0.000110495 -0.000111287
0.885 -0.000221768 0.000110488 -0.00011128
0.886 -0.000221755 0.000110482 -0.000111273
0.887 -0.000221741 0.000110476 -0.000111265
0.888 -0.000221728 0.000110469 -0.000111258
0.889 -0.000221714 0.000110463 -0.000111251
0.89 -0.000221701 0.000110457 -0.000111244
0.891 -0.000221688 0.000110451 -0.000111237
0.892 -0.000221674 0.000110445 -0.00011123
0.893 -0.000221661 0.000110438 -0.000111222
0.894 -0.000221648 0.000110432 -0.000111215
0.895 -0.000221634 0.000110426 -0.000111208
0.896 -0.000221621 0.00011042 -0.000111201
0.897 -0.000221608 0.000110414 -0.000111194
0.898 -0.000221595 0.000110408 -0.000111187
0.899 -0.000221582 0.000110402 -0.00011118
0.9 -0.000221569 0.000110396 -0.000111172
0.901 -0.000221556 0.00011039 -0.000111165
0.902 -0.000221543 0.000110384 -0.000111158
0.903 -0.00022153 0.000110379 -0.000111151
0.904 -0.000221517 0.000110373 -0.000111144
0.905 -0.000221504 0.000110367 -0.000111137
0.906 -0.000221491 0.000110361 -0.00011113
0.907 -0.000221478 0.000110355 -0.000111122
0.908 -0.000221465 0.00011035 -0.000111115
0.909 -0.000221452 0.000110344 -0.000111108
0.91 -0.000221439 0.000110338 -0.000111101
0.911 -0.000221427 0.000110333 -0.000111094
0.912 -0.000221414 0.000110327 -0.000111087
0.913 -0.000221401 0.000110321 -0.00011108
0.914 -0.000221388 0.000110316 -0.000111073
0.915 -0.000221376 0.00011031 -0.000111065
0.916 -0.000221363 0.000110305 -0.000111058
0.917 -0.00022135 0.000110299 -0.000111051
0.918 -0.000221338 0.000110294 -0.000111044
0.919 -0.000221325 0.000110288 -0.000111037
0.92 -0.000221313 0.000110283 -0.00011103
0.921 -0.0002213 0.000110277 -0.000111023
0.922 -0.000221288 0.000110272 -0.000111016
0.923 -0.000221275 0.000110267 -0.000111008
0.924 -0.000221263 0.000110261 -0.000111001
0.925 -0.00022125 0.000110256 -0.000110994
0.926 -0.000221238 0.000110251 -0.000110987
0.927 -0.000221226 0.000110245 -0.00011098
0.928 -0.000221213 0.00011024 -0.000110973
0.929 -0.000221201 0.000110235 -0.000110966
0.93 -0.000221189 0.00011023 -0.000110959
0.931 -0.000221176 0.000110225 -0.000110952
0.932 -0.000221164 0.00011022 -0.000110945
0.933 -0.000221152 0.000110214 -0.000110937
0.934 -0.00022114 0.000110209 -0.00011093
0.935 -0.000221128 0.000110204 -0.000110923
0.936 -0.000221115 0.000110199 -0.000110916
0.937 -0.000221103 0.000110194 -0.000110909
0.938 -0.000221091 0.000110189 -0.000110902
0.939 -0.000221079 0.000110184 -0.000110895
0.94 -0.000221067 0.000110179 -0.000110888
0.941 -0.000221055 0.000110174 -0.000110881
0.942 -0.000221043 0.00011017 -0.000110874
0.943 -0.000221031 0.000110165 -0.000110867
0.944 -0.000221019 0.00011016 -0.00011086
0.945 -0.000221007 0.000110155 -0.000110852
0.946 -0.000220996 0.00011015 -0.000110845
0.947 -0.000220984 0.000110145 -0.000110838
0.948 -0.000220972 0.000110141 -0.000110831
0.949 -0.00022096 0.000110136 -0.000110824
0.95 -0.000220948 0.000110131 -0.000110817
0.951 -0.000220937 0.000110127 -0.00011081
0.952 -0.000220925 0.000110122 -0.000110803
0.953 -0.000220913 0.000110117 -0.000110796
0.954 -0.000220901 0.000110113 -0.000110789
0.955 -0.00022089 0.000110108 -0.000110782
0.956 -0.000220878 0.000110103 -0.000110775
0.957 -0.000220867 0.000110099 -0.000110768
0.958 -0.000220855 0.000110094 -0.000110761
0.959 -0.000220843 0.00011009 -0.000110754
0.96 -0.000220832 0.000110085 -0.000110747
0.961 -0.00022082 0.000110081 -0.000110739
0.962 -0.000220809 0.000110076 -0.000110732
0.963 -0.000220797 0.000110072 -0.000110725
0.964 -0.000220786 0.000110068 -0.000110718
0.965 -0.000220775 0.000110063 -0.000110711
0.966 -0.000220763 0.000110059 -0.000110704
0.967 -0.000220752 0.000110055 -0.000110697
0.968 -0.00022074 0.00011005 -0.00011069
0.969 -0.000220729 0.000110046 -0.000110683
0.97 -0.000220718 0.000110042 -0.000110676
0.971 -0.000220706 0.000110037 -0.000110669
0.972 -0.000220695 0.000110033 -0.000110662
0.973 -0.000220684 0.000110029 -0.000110655
0.974 -0.000220673 0.000110025 -0.000110648
0.975 -0.000220662 0.000110021 -0.000110641
0.976 -0.00022065 0.000110017 -0.000110634
0.977 -0.000220639 0.000110012 -0.000110627
0.978 -0.000220628 0.000110008 -0.00011062
0.979 -0.000220617 0.000110004 -0.000110613
0.98 -0.000220606 0.00011 -0.000110606
0.981 -0.000220595 0.000109996 -0.000110599
0.982 -0.000220584 0.000109992 -0.000110592
0.983 -0.000220573 0.000109988 -0.000110585
0.984 -0.000220562 0.000109984 -0.000110578
0.985 -0.000220551 0.00010998 -0.000110571
0.986 -0.00022054 0.000109976 -0.000110564
0.987 -0.000220529 0.000109972 -0.000110557
0.988 -0.000220518 0.000109968 -0.00011055
0.989 -0.000220507 0.000109965 -0.000110543
0.99 -0.000220496 0.000109961 -0.000110536
0.991 -0.000220485 0.000109957 -0.000110529
0.992 -0.000220475 0.000109953 -0.000110521
0.993 -0.000220464 0.000109949 -0.000110514
0.994 -0.000220453 0.000109945 -0.000110507
0.995 -0.000220442 0.000109942 -0.0001105
0.996 -0.000220431 0.000109938 -0.000110493
0.997 -0.000220421 0.000109934 -0.000110486
0.998 -0.00022041 0.00010993 -0.000110479
0.999 -0.000220399 0.000109927 -0.000110472
