0.001 -0 0 -1.88503e-05
0.002 -0 0 -1.8851e-05
0.003 -0 0 -1.88518e-05
0.004 -0 0 -1.88525e-05
0.005 -0 0 -1.88533e-05
0.006 -0 0 -1.8854e-05
0.007 -0 0 -1.88548e-05
0.008 -0 0 -1.88555e-05
0.009 -0 0 -1.88563e-05
0.01 -0 0 -1.8857e-05
0.011 -0 0 -1.88577e-05
0.012 -0 0 -1.88585e-05
0.013 -0 0 -1.88592e-05
0.014 -0 0 -1.886e-05
0.015 -0 0 -1.88607e-05
0.016 -0 0 -1.88615e-05
0.017 -0 0 -1.88622e-05
0.018 -0 0 -1.88629e-05
0.019 -0 0 -1.88637e-05
0.02 -0 0 -1.88644e-05
0.021 -0 0 -1.88652e-05
0.022 -0 0 -1.88659e-05
0.023 -0 0 -1.88667e-05
0.024 -0 0 -1.88674e-05
0.025 -0 0 -1.88682e-05
0.026 -0 0 -1.88689e-05
0.027 -0 0 -1.88696e-05
0.028 -0 0 -1.88704e-05
0.029 -0 0 -1.88711e-05
0.03 -0 0 -1.88719e-05
0.031 -0 0 -1.88726e-05
0.032 -0 0 -1.88734e-05
0.033 -0 0 -1.88741e-05
0.034 -0 0 -1.88748e-05
0.035 -0 0 -1.88756e-05
0.036 -0 0 -1.88763e-05
0.037 -0 0 -1.88771e-05
0.038 -0 0 -1.88778e-05
0.039 -0 0 -1.88786e-05
0.04 -0 0 -1.88793e-05
0.041 -0 0 -1.88801e-05
0.042 -0 0 -1.88808e-05
0.043 -0 0 -1.88815e-05
0.044 -0 0 -1.88823e-05
0.045 -0 0 -1.8883e-05
0.046 -0 0 -1.88838e-05
0.047 -0 0 -1.88845e-05
0.048 -0 0 -1.88853e-05
0.049 -0 0 -1.8886e-05
0.05 -0 0 -1.88867e-05
0.051 -0 0 -1.88875e-05
0.052 -0 0 -1.88882e-05
0.053 -0 0 -1.8889e-05
0.054 -0 0 -1.88897e-05
0.055 -0 0 -1.88905e-05
0.056 -0 0 -1.88912e-05
0.057 -0 0 -1.88919e-05
0.058 -0 0 -1.88927e-05
0.059 -0 0 -1.88934e-05
0.06 -0 0 -1.88942e-05
0.061 -0 0 -1.88949e-05
0.062 -0 0 -1.88957e-05
0.063 -0 0 -1.88964e-05
0.064 -0 0 -1.88971e-05
0.065 -0 0 -1.88979e-05
0.066 -0 0 -1.88986e-05
0.067 -0 0 -1.88994e-05
0.068 -0 0 -1.89001e-05
0.069 -0 0 -1.89009e-05
0.07 -0 0 -1.89016e-05
0.071 -0 0 -1.89023e-05
0.072 -0 0 -1.89031e-05
0.073 -0 0 -1.89038e-05
0.074 -0 0 -1.89046e-05
0.075 -0 0 -1.89053e-05
0.076 -0 0 -1.89061e-05
0.077 -0 0 -1.89068e-05
0.078 -0 0 -1.89075e-05
0.079 -0 0 -1.89083e-05
0.08 -0 0 -1.8909e-05
0.081 -0 0 -1.89098e-05
0.082 -0 0 -1.89105e-05
0.083 -0 0 -1.89113e-05
0.084 -0 0 -1.8912e-05
0.085 -0 0 -1.89127e-05
0.086 -0 0 -1.89135e-05
0.087 -0 0 -1.89142e-05
0.088 -0 0 -1.8915e-05
0.089 -0 0 -1.89157e-05
0.09 -0 0 -1.89164e-05
0.091 -0 0 -1.89172e-05
0.092 -0 0 -1.89179e-05
0.093 -0 0 -1.89187e-05
0.094 -0 0 -1.89194e-05
0.095 -0 0 -1.89202e-05
0.096 -0 0 -1.89209e-05
0.097 -0 0 -1.89216e-05
0.098 -0 0 -1.89224e-05
0.099 -0 0 -1.89231e-05
0.1 -0 0 -1.89239e-05
0.101 -0 0 -1.89246e-05
0.102 -0 0 -1.89254e-05
0.103 -0 0 -1.89261e-05
0.104 -0 0 -1.89268e-05
0.105 -0 0 -1.89276e-05
0.106 -0 0 -1.89283e-05
0.107 -0 0 -1.89291e-05
0.108 -0 0 -1.89298e-05
0.109 -0 0 -1.89305e-05
0.11 -0 0 -1.89313e-05
0.111 -0 0 -1.8932e-05
0.112 -0 0 -1.89328e-05
0.113 -0 0 -1.89335e-05
0.114 -0 0 -1.89342e-05
0.115 -0 0 -1.8935e-05
0.116 -0 0 -1.89357e-05
0.117 -0 0 -1.89365e-05
0.118 -0 0 -1.89372e-05
0.119 -0 0 -1.8938e-05
0.12 -0 0 -1.89387e-05
0.121 -0 0 -1.89394e-05
0.122 -0 0 -1.89402e-05
0.123 -0 0 -1.89409e-05
0.124 -0 0 -1.89417e-05
0.125 -0 0 -1.89424e-05
0.126 -0 0 -1.89431e-05
0.127 -0 0 -1.89439e-05
0.128 -0 0 -1.89446e-05
0.129 -0 0 -1.89454e-05
0.13 -0 0 -1.89461e-05
0.131 -0 0 -1.89468e-05
0.132 -0 0 -1.89476e-05
0.133 -0 0 -1.89483e-05
0.134 -0 0 -1.89491e-05
0.135 -0 0 -1.89498e-05
0.136 -0 0 -1.89505e-05
0.137 -0 0 -1.89513e-05
0.138 -0 0 -1.8952e-05
0.139 -0 0 -1.89528e-05
0.14 -0 0 -1.89535e-05
0.141 -0 0 -1.89542e-05
0.142 -0 0 -1.8955e-05
0.143 -0 0 -1.89557e-05
0.144 -0 0 -1.89565e-05
0.145 -0 0 -1.89572e-05
0.146 -0 0 -1.89579e-05
0.147 -0 0 -1.89587e-05
0.148 -0 0 -1.89594e-05
0.149 -0 0 -1.89601e-05
0.15 -0 0 -1.89609e-05
0.151 -0 0 -1.89616e-05
0.152 -0 0 -1.89624e-05
0.153 -0 0 -1.89631e-05
0.154 -0 0 -1.89638e-05
0.155 -0 0 -1.89646e-05
0.156 -0 0 -1.89653e-05
0.157 -0 0 -1.89661e-05
0.158 -0 0 -1.89668e-05
0.159 -0 0 -1.89675e-05
0.16 -0 0 -1.89683e-05
0.161 -0 0 -1.8969e-05
0.162 -0 0 -1.89698e-05
0.163 -0 0 -1.89705e-05
0.164 -0 0 -1.89712e-05
0.165 -0 0 -1.8972e-05
0.166 -0 0 -1.89727e-05
0.167 -0 0 -1.89734e-05
0.168 -0 0 -1.89742e-05
0.169 -0 0 -1.89749e-05
0.17 -0 0 -1.89757e-05
0.171 -0 0 -1.89764e-05
0.172 -0 0 -1.89771e-05
0.173 -0 0 -1.89779e-05
0.174 -0 0 -1.89786e-05
0.175 -0 0 -1.89793e-05
0.176 -0 0 -1.89801e-05
0.177 -0 0 -1.89808e-05
0.178 -0 0 -1.89816e-05
0.179 -0 0 -1.89823e-05
0.18 -0 0 -1.8983e-05
0.181 -0 0 -1.89838e-05
0.182 -0 0 -1.89845e-05
0.183 -0 0 -1.89852e-05
0.184 -0 0 -1.8986e-05
0.185 -0 0 -1.89867e-05
0.186 -0 0 -1.89874e-05
0.187 -0 0 -1.89882e-05
0.188 -0 0 -1.89889e-05
0.189 -0 0 -1.89897e-05
0.19 -0 0 -1.89904e-05
0.191 -0 0 -1.89911e-05
0.192 -0 0 -1.89919e-05
0.193 -0 0 -1.89926e-05
0.194 -0 0 -1.89933e-05
0.195 -0 0 -1.89941e-05
0.196 -0 0 -1.89948e-05
0.197 -0 0 -1.89955e-05
0.198 -0 0 -1.89963e-05
0.199 -0 0 -1.8997e-05
0.2 -0 0 -1.89977e-05
0.201 -0 0 -1.89985e-05
0.202 -0 0 -1.89992e-05
0.203 -0 0 -1.89999e-05
0.204 -0 0 -1.90007e-05
0.205 -0 0 -1.90014e-05
0.206 -0 0 -1.90021e-05
0.207 -0 0 -1.90029e-05
0.208 -0 0 -1.90036e-05
0.209 -0 0 -1.90043e-05
0.21 -0 0 -1.90051e-05
0.211 -0 0 -1.90058e-05
0.212 -0 0 -1.90065e-05
0.213 -0 0 -1.90073e-05
0.214 -0 0 -1.9008e-05
0.215 -0 0 -1.90087e-05
0.216 -0 0 -1.90095e-05
0.217 -0 0 -1.90102e-05
0.218 -0 0 -1.90109e-05
0.219 -0 0 -1.90117e-05
0.22 -0 0 -1.90124e-05
0.221 -0 0 -1.90131e-05
0.222 -0 0 -1.90139e-05
0.223 -0 0 -1.90146e-05
0.224 -0 0 -1.90153e-05
0.225 -0 0 -1.90161e-05
0.226 -0 0 -1.90168e-05
0.227 -0 0 -1.90175e-05
0.228 -0 0 -1.90183e-05
0.229 -0 0 -1.9019e-05
0.23 -0 0 -1.90197e-05
0.231 -0 0 -1.90205e-05
0.232 -0 0 -1.90212e-05
0.233 -0 0 -1.90219e-05
0.234 -0 0 -1.90227e-05
0.235 -0 0 -1.90234e-05
0.236 -0 0 -1.90241e-05
0.237 -0 0 -1.90248e-05
0.238 -0 0 -1.90256e-05
0.239 -0 0 -1.90263e-05
0.24 -0 0 -1.9027e-05
0.241 -0 0 -1.90278e-05
0.242 -0 0 -1.90285e-05
0.243 -0 0 -1.90292e-05
0.244 -0 0 -1.903e-05
0.245 -0 0 -1.90307e-05
0.246 -0 0 -1.90314e-05
0.247 -0 0 -1.90321e-05
0.248 -0 0 -1.90329e-05
0.249 -0 0 -1.90336e-05
0.25 -0 0 -1.90343e-05
0.251 -0 -0 -1.90351e-05
0.252 -0 -0 -1.90358e-05
0.253 0 -0 -1.90365e-05
0.254 0 -0 -1.90372e-05
0.255 0 -0 -1.9038e-05
0.256 0 -0 -1.90387e-05
0.257 0 -0 -1.90394e-05
0.258 0 -0 -1.90402e-05
0.259 0 -0 -1.90409e-05
0.26 0 -0 -1.90416e-05
0.261 0 -0 -1.90423e-05
0.262 0 -0 -1.90431e-05
0.263 0 -0 -1.90438e-05
0.264 0 -0 -1.90445e-05
0.265 0 -0 -1.90452e-05
0.266 0 -0 -1.9046e-05
0.267 0 -0 -1.90467e-05
0.268 0 -0 -1.90474e-05
0.269 0 -0 -1.90481e-05
0.27 0 -0 -1.90489e-05
0.271 0 -0 -1.90496e-05
0.272 0 -0 -1.90503e-05
0.273 0 -0 -1.9051e-05
0.274 0 -0 -1.90518e-05
0.275 0 -0 -1.90525e-05
0.276 0 -0 -1.90532e-05
0.277 0 -0 -1.90539e-05
0.278 0 -0 -1.90547e-05
0.279 0 -0 -1.90554e-05
0.28 0 -0 -1.90561e-05
0.281 0 -0 -1.90568e-05
0.282 0 -0 -1.90576e-05
0.283 0 -0 -1.90583e-05
0.284 0 -0 -1.9059e-05
0.285 0 -0 -1.90597e-05
0.286 0 -0 -1.90605e-05
0.287 0 -0 -1.90612e-05
0.288 0 -0 -1.90619e-05
0.289 0 -0 -1.90626e-05
0.29 0 -0 -1.90634e-05
0.291 0 -0 -1.90641e-05
0.292 0 -0 -1.90648e-05
0.293 0 -0 -1.90655e-05
0.294 0 -0 -1.90662e-05
0.295 0 -0 -1.9067e-05
0.296 0 -0 -1.90677e-05
0.297 0 -0 -1.90684e-05
0.298 0 -0 -1.90691e-05
0.299 0 -0 -1.90699e-05
0.3 0 -0 -1.90706e-05
0.301 0 -0 -1.90713e-05
0.302 0 -0 -1.9072e-05
0.303 0 -0 -1.90727e-05
0.304 0 -0 -1.90735e-05
0.305 0 -0 -1.90742e-05
0.306 0 -0 -1.90749e-05
0.307 0 -0 -1.90756e-05
0.308 0 -0 -1.90763e-05
0.309 0 -0 -1.90771e-05
0.31 0 -0 -1.90778e-05
0.311 0 -0 -1.90785e-05
0.312 0 -0 -1.90792e-05
0.313 0 -0 -1.90799e-05
0.314 0 -0 -1.90806e-05
0.315 0 -0 -1.90814e-05
0.316 0 -0 -1.90821e-05
0.317 0 -0 -1.90828e-05
0.318 0 -0 -1.90835e-05
0.319 0 -0 -1.90842e-05
0.32 0 -0 -1.9085e-05
0.321 0 -0 -1.90857e-05
0.322 0 -0 -1.90864e-05
0.323 0 -0 -1.90871e-05
0.324 0 -0 -1.90878e-05
0.325 0 -0 -1.90885e-05
0.326 0 -0 -1.90893e-05
0.327 0 -0 -1.909e-05
0.328 0 -0 -1.90907e-05
0.329 0 -0 -1.90914e-05
0.33 0 -0 -1.90921e-05
0.331 0 -0 -1.90928e-05
0.332 0 -0 -1.90935e-05
0.333 0 -0 -1.90943e-05
0.334 0 -0 -1.9095e-05
0.335 0 -0 -1.90957e-05
0.336 0 -0 -1.90964e-05
0.337 0 -0 -1.90971e-05
0.338 0 -0 -1.90978e-05
0.339 0 -0 -1.90985e-05
0.34 0 -0 -1.90993e-05
0.341 0 -0 -1.91e-05
0.342 0 -0 -1.91007e-05
0.343 0 -0 -1.91014e-05
0.344 0 -0 -1.91021e-05
0.345 0 -0 -1.91028e-05
0.346 0 -0 -1.91035e-05
0.347 0 -0 -1.91042e-05
0.348 0 -0 -1.9105e-05
0.349 0 -0 -1.91057e-05
0.35 0 -0 -1.91064e-05
0.351 0 -0 -1.91071e-05
0.352 0 -0 -1.91078e-05
0.353 0 -0 -1.91085e-05
0.354 0 -0 -1.91092e-05
0.355 0 -0 -1.91099e-05
0.356 0 -0 -1.91106e-05
0.357 0 -0 -1.91114e-05
0.358 0 -0 -1.91121e-05
0.359 0 -0 -1.91128e-05
0.36 0 -0 -1.91135e-05
0.361 0 -0 -1.91142e-05
0.362 0 -0 -1.91149e-05
0.363 0 -0 -1.91156e-05
0.364 0 -0 -1.91163e-05
0.365 0 -0 -1.9117e-05
0.366 0 -0 -1.91177e-05
0.367 0 -0 -1.91184e-05
0.368 0 -0 -1.91192e-05
0.369 0 -0 -1.91199e-05
0.37 0 -0 -1.91206e-05
0.371 0 -0 -1.91213e-05
0.372 0 -0 -1.9122e-05
0.373 0 -0 -1.91227e-05
0.374 0 -0 -1.91234e-05
0.375 0 -0 -1.91241e-05
0.376 0 -0 -1.91248e-05
0.377 0 -0 -1.91255e-05
0.378 0 -0 -1.91262e-05
0.379 0 -0 -1.91269e-05
0.38 0 -0 -1.91276e-05
0.381 0 -0 -1.91283e-05
0.382 0 -0 -1.9129e-05
0.383 0 -0 -1.91297e-05
0.384 0 -0 -1.91304e-05
0.385 0 -0 -1.91311e-05
0.386 0 -0 -1.91319e-05
0.387 0 -0 -1.91326e-05
0.388 0 -0 -1.91333e-05
0.389 0 -0 -1.9134e-05
0.39 0 -0 -1.91347e-05
0.391 0 -0 -1.91354e-05
0.392 0 -0 -1.91361e-05
0.393 0 -0 -1.91368e-05
0.394 0 -0 -1.91375e-05
0.395 0 -0 -1.91382e-05
0.396 0 -0 -1.91389e-05
0.397 0 -0 -1.91396e-05
0.398 0 -0 -1.91403e-05
0.399 0 -0 -1.9141e-05
0.4 0 -0 -1.91417e-05
0.401 0 -0 -1.91424e-05
0.402 0 -0 -1.91431e-05
0.403 0 -0 -1.91438e-05
0.404 0 -0 -1.91445e-05
0.405 0 -0 -1.91452e-05
0.406 0 -0 -1.91459e-05
0.407 0 -0 -1.91466e-05
0.408 0 -0 -1.91473e-05
0.409 0 -0 -1.9148e-05
0.41 0 -0 -1.91487e-05
0.411 0 -0 -1.91494e-05
0.412 0 -0 -1.91501e-05
0.413 0 -0 -1.91508e-05
0.414 0 -0 -1.91515e-05
0.415 0 -0 -1.91522e-05
0.416 0 -0 -1.91529e-05
0.417 0 -0 -1.91536e-05
0.418 0 -0 -1.91543e-05
0.419 0 -0 -1.9155e-05
0.42 0 -0 -1.91557e-05
0.421 0 -0 -1.91563e-05
0.422 0 -0 -1.9157e-05
0.423 0 -0 -1.91577e-05
0.424 0 -0 -1.91584e-05
0.425 0 -0 -1.91591e-05
0.426 0 -0 -1.91598e-05
0.427 0 -0 -1.91605e-05
0.428 0 -0 -1.91612e-05
0.429 0 -0 -1.91619e-05
0.43 0 -0 -1.91626e-05
0.431 0 -0 -1.91633e-05
0.432 0 -0 -1.9164e-05
0.433 0 -0 -1.91647e-05
0.434 0 -0 -1.91654e-05
0.435 0 -0 -1.91661e-05
0.436 0 -0 -1.91668e-05
0.437 0 -0 -1.91675e-05
0.438 0 -0 -1.91681e-05
0.439 0 -0 -1.91688e-05
0.44 0 -0 -1.91695e-05
0.441 0 -0 -1.91702e-05
0.442 0 -0 -1.91709e-05
0.443 0 -0 -1.91716e-05
0.444 0 -0 -1.91723e-05
0.445 0 -0 -1.9173e-05
0.446 0 -0 -1.91737e-05
0.447 0 -0 -1.91744e-05
0.448 0 -0 -1.9175e-05
0.449 0 -0 -1.91757e-05
0.45 0 -0 -1.91764e-05
0.451 0 -0 -1.91771e-05
0.452 0 -0 -1.91778e-05
0.453 0 -0 -1.91785e-05
0.454 0 -0 -1.91792e-05
0.455 0 -0 -1.91799e-05
0.456 0 -0 -1.91806e-05
0.457 0 -0 -1.91812e-05
0.458 0 -0 -1.91819e-05
0.459 0 -0 -1.91826e-05
0.46 0 -0 -1.91833e-05
0.461 0 -0 -1.9184e-05
0.462 0 -0 -1.91847e-05
0.463 0 -0 -1.91854e-05
0.464 0 -0 -1.91861e-05
0.465 0 -0 -1.91867e-05
0.466 0 -0 -1.91874e-05
0.467 0 -0 -1.91881e-05
0.468 0 -0 -1.91888e-05
0.469 0 -0 -1.91895e-05
0.47 0 -0 -1.91902e-05
0.471 0 -0 -1.91908e-05
0.472 0 -0 -1.91915e-05
0.473 0 -0 -1.91922e-05
0.474 0 -0 -1.91929e-05
0.475 0 -0 -1.91936e-05
0.476 0 -0 -1.91943e-05
0.477 0 -0 -1.91949e-05
0.478 0 -0 -1.91956e-05
0.479 0 -0 -1.91963e-05
0.48 0 -0 -1.9197e-05
0.481 0 -0 -1.91977e-05
0.482 0 -0 -1.91984e-05
0.483 0 -0 -1.9199e-05
0.484 0 -0 -1.91997e-05
0.485 0 -0 -1.92004e-05
0.486 0 -0 -1.92011e-05
0.487 0 -0 -1.92018e-05
0.488 0 -0 -1.92024e-05
0.489 0 -0 -1.92031e-05
0.49 0 -0 -1.92038e-05
0.491 0 -0 -1.92045e-05
0.492 0 -0 -1.92052e-05
0.493 0 -0 -1.92058e-05
0.494 0 -0 -1.92065e-05
0.495 0 -0 -1.92072e-05
0.496 0 -0 -1.92079e-05
0.497 0 -0 -1.92086e-05
0.498 0 -0 -1.92092e-05
0.499 0 -0 -1.92099e-05
0.5 0 -0 -1.92106e-05
0.501 0 -0 -1.92113e-05
0.502 0 -0 -1.92119e-05
0.503 0 -0 -1.92126e-05
0.504 0 -0 -1.92133e-05
0.505 0 -0 -1.9214e-05
0.506 0 -0 -1.92146e-05
0.507 0 -0 -1.92153e-05
0.508 0 -0 -1.9216e-05
0.509 0 -0 -1.92167e-05
0.51 0 -0 -1.92174e-05
0.511 0 -0 -1.9218e-05
0.512 0 0 -1.92187e-05
0.513 0 0 -1.92194e-05
0.514 0 0 -1.922e-05
0.515 0 0 -1.92207e-05
0.516 0 0 -1.92214e-05
0.517 0 0 -1.92221e-05
0.518 0 0 -1.92227e-05
0.519 0 0 -1.92234e-05
0.52 0 0 -1.92241e-05
0.521 0 0 -1.92248e-05
0.522 0 0 -1.92254e-05
0.523 0 0 -1.92261e-05
0.524 0 0 -1.92268e-05
0.525 0 0 -1.92274e-05
0.526 0 0 -1.92281e-05
0.527 0 0 -1.92288e-05
0.528 0 0 -1.92295e-05
0.529 0 0 -1.92301e-05
0.53 0 0 -1.92308e-05
0.531 0 0 -1.92315e-05
0.532 0 0 -1.92321e-05
0.533 0 0 -1.92328e-05
0.534 0 0 -1.92335e-05
0.535 0 0 -1.92342e-05
0.536 0 0 -1.92348e-05
0.537 0 0 -1.92355e-05
0.538 0 0 -1.92362e-05
0.539 0 0 -1.92368e-05
0.54 0 0 -1.92375e-05
0.541 0 0 -1.92382e-05
0.542 0 0 -1.92388e-05
0.543 0 0 -1.92395e-05
0.544 0 0 -1.92402e-05
0.545 0 0 -1.92408e-05
0.546 0 0 -1.92415e-05
0.547 0 0 -1.92422e-05
0.548 0 0 -1.92428e-05
0.549 0 0 -1.92435e-05
0.55 0 0 -1.92442e-05
0.551 0 0 -1.92448e-05
0.552 0 0 -1.92455e-05
0.553 0 0 -1.92462e-05
0.554 0 0 -1.92468e-05
0.555 0 0 -1.92475e-05
0.556 0 0 -1.92482e-05
0.557 0 0 -1.92488e-05
0.558 0 0 -1.92495e-05
0.559 0 0 -1.92502e-05
0.56 0 0 -1.92508e-05
0.561 0 0 -1.92515e-05
0.562 0 0 -1.92521e-05
0.563 0 0 -1.92528e-05
0.564 0 0 -1.92535e-05
0.565 0 0 -1.92541e-05
0.566 0 0 -1.92548e-05
0.567 0 0 -1.92555e-05
0.568 0 0 -1.92561e-05
0.569 0 0 -1.92568e-05
0.57 0 0 -1.92574e-05
0.571 0 0 -1.92581e-05
0.572 0 0 -1.92588e-05
0.573 0 0 -1.92594e-05
0.574 0 0 -1.92601e-05
0.575 0 0 -1.92607e-05
0.576 0 0 -1.92614e-05
0.577 0 0 -1.92621e-05
0.578 0 0 -1.92627e-05
0.579 0 0 -1.92634e-05
0.58 0 0 -1.9264e-05
0.581 0 0 -1.92647e-05
0.582 0 0 -1.92654e-05
0.583 0 0 -1.9266e-05
0.584 0 0 -1.92667e-05
0.585 0 0 -1.92673e-05
0.586 0 0 -1.9268e-05
0.587 0 0 -1.92687e-05
0.588 0 0 -1.92693e-05
0.589 0 0 -1.927e-05
0.59 0 0 -1.92706e-05
0.591 0 0 -1.92713e-05
0.592 0 0 -1.92719e-05
0.593 0 0 -1.92726e-05
0.594 0 0 -1.92733e-05
0.595 0 0 -1.92739e-05
0.596 0 0 -1.92746e-05
0.597 0 0 -1.92752e-05
0.598 0 0 -1.92759e-05
0.599 0 0 -1.92765e-05
0.6 0 0 -1.92772e-05
0.601 0 0 -1.92778e-05
0.602 0 0 -1.92785e-05
0.603 0 0 -1.92792e-05
0.604 0 0 -1.92798e-05
0.605 0 0 -1.92805e-05
0.606 0 0 -1.92811e-05
0.607 0 0 -1.92818e-05
0.608 0 0 -1.92824e-05
0.609 0 0 -1.92831e-05
0.61 0 0 -1.92837e-05
0.611 0 0 -1.92844e-05
0.612 0 0 -1.9285e-05
0.613 0 0 -1.92857e-05
0.614 0 0 -1.92863e-05
0.615 0 0 -1.9287e-05
0.616 0 0 -1.92876e-05
0.617 0 0 -1.92883e-05
0.618 0 0 -1.92889e-05
0.619 0 0 -1.92896e-05
0.62 0 0 -1.92902e-05
0.621 0 0 -1.92909e-05
0.622 0 0 -1.92915e-05
0.623 0 0 -1.92922e-05
0.624 0 0 -1.92929e-05
0.625 0 0 -1.92935e-05
0.626 0 0 -1.92942e-05
0.627 0 0 -1.92948e-05
0.628 0 0 -1.92954e-05
0.629 0 0 -1.92961e-05
0.63 0 0 -1.92967e-05
0.631 0 0 -1.92974e-05
0.632 0 0 -1.9298e-05
0.633 0 0 -1.92987e-05
0.634 0 0 -1.92993e-05
0.635 0 0 -1.93e-05
0.636 0 0 -1.93006e-05
0.637 0 0 -1.93013e-05
0.638 0 0 -1.93019e-05
0.639 0 0 -1.93026e-05
0.64 0 0 -1.93032e-05
0.641 0 0 -1.93039e-05
0.642 0 0 -1.93045e-05
0.643 0 0 -1.93052e-05
0.644 0 0 -1.93058e-05
0.645 0 0 -1.93065e-05
0.646 0 0 -1.93071e-05
0.647 0 0 -1.93078e-05
0.648 0 0 -1.93084e-05
0.649 0 0 -1.9309e-05
0.65 0 0 -1.93097e-05
0.651 0 0 -1.93103e-05
0.652 0 0 -1.9311e-05
0.653 0 0 -1.93116e-05
0.654 0 0 -1.93123e-05
0.655 0 0 -1.93129e-05
0.656 0 0 -1.93136e-05
0.657 0 0 -1.93142e-05
0.658 0 0 -1.93149e-05
0.659 0 0 -1.93155e-05
0.66 0 0 -1.93161e-05
0.661 0 0 -1.93168e-05
0.662 0 0 -1.93174e-05
0.663 0 0 -1.93181e-05
0.664 0 0 -1.93187e-05
0.665 0 0 -1.93194e-05
0.666 0 0 -1.932e-05
0.667 0 0 -1.93206e-05
0.668 0 0 -1.93213e-05
0.669 0 0 -1.93219e-05
0.67 0 0 -1.93226e-05
0.671 0 0 -1.93232e-05
0.672 0 0 -1.93238e-05
0.673 0 0 -1.93245e-05
0.674 0 0 -1.93251e-05
0.675 0 0 -1.93258e-05
0.676 0 0 -1.93264e-05
0.677 0 0 -1.93271e-05
0.678 0 0 -1.93277e-05
0.679 0 0 -1.93283e-05
0.68 0 0 -1.9329e-05
0.681 0 0 -1.93296e-05
0.682 0 0 -1.93303e-05
0.683 0 0 -1.93309e-05
0.684 0 0 -1.93315e-05
0.685 0 0 -1.93322e-05
0.686 0 0 -1.93328e-05
0.687 0 0 -1.93335e-05
0.688 0 0 -1.93341e-05
0.689 0 0 -1.93347e-05
0.69 0 0 -1.93354e-05
0.691 0 0 -1.9336e-05
0.692 0 0 -1.93366e-05
0.693 0 0 -1.93373e-05
0.694 0 0 -1.93379e-05
0.695 0 0 -1.93386e-05
0.696 0 0 -1.93392e-05
0.697 0 0 -1.93398e-05
0.698 0 0 -1.93405e-05
0.699 0 0 -1.93411e-05
0.7 0 0 -1.93418e-05
0.701 0 0 -1.93424e-05
0.702 0 0 -1.9343e-05
0.703 0 0 -1.93437e-05
0.704 0 0 -1.93443e-05
0.705 0 0 -1.93449e-05
0.706 0 0 -1.93456e-05
0.707 0 0 -1.93462e-05
0.708 0 0 -1.93468e-05
0.709 0 0 -1.93475e-05
0.71 0 0 -1.93481e-05
0.711 0 0 -1.93487e-05
0.712 0 0 -1.93494e-05
0.713 0 0 -1.935e-05
0.714 0 0 -1.93507e-05
0.715 0 0 -1.93513e-05
0.716 0 0 -1.93519e-05
0.717 0 0 -1.93526e-05
0.718 0 0 -1.93532e-05
0.719 0 0 -1.93538e-05
0.72 0 0 -1.93545e-05
0.721 0 0 -1.93551e-05
0.722 0 0 -1.93557e-05
0.723 0 0 -1.93564e-05
0.724 0 0 -1.9357e-05
0.725 0 0 -1.93576e-05
0.726 0 0 -1.93583e-05
0.727 0 0 -1.93589e-05
0.728 0 0 -1.93595e-05
0.729 0 0 -1.93602e-05
0.73 0 0 -1.93608e-05
0.731 0 0 -1.93614e-05
0.732 0 0 -1.93621e-05
0.733 0 0 -1.93627e-05
0.734 0 0 -1.93633e-05
0.735 0 0 -1.9364e-05
0.736 0 0 -1.93646e-05
0.737 0 0 -1.93652e-05
0.738 0 0 -1.93659e-05
0.739 0 0 -1.93665e-05
0.74 0 0 -1.93671e-05
0.741 0 0 -1.93678e-05
0.742 0 0 -1.93684e-05
0.743 0 0 -1.9369e-05
0.744 0 0 -1.93696e-05
0.745 0 0 -1.93703e-05
0.746 0 0 -1.93709e-05
0.747 0 0 -1.93715e-05
0.748 0 0 -1.93722e-05
0.749 0 0 -1.93728e-05
0.75 0 0 -1.93734e-05
0.751 0 0 -1.93741e-05
0.752 0 0 -1.93747e-05
0.753 0 0 -1.93753e-05
0.754 0 0 -1.93759e-05
0.755 0 0 -1.93766e-05
0.756 0 0 -1.93772e-05
0.757 0 0 -1.93778e-05
0.758 0 0 -1.93785e-05
0.759 0 0 -1.93791e-05
0.76 0 0 -1.93797e-05
0.761 0 0 -1.93804e-05
0.762 0 0 -1.9381e-05
0.763 0 0 -1.93816e-05
0.764 0 0 -1.93822e-05
0.765 0 0 -1.93829e-05
0.766 0 0 -1.93835e-05
0.767 0 0 -1.93841e-05
0.768 0 0 -1.93848e-05
0.769 0 0 -1.93854e-05
0.77 0 0 -1.9386e-05
0.771 0 0 -1.93866e-05
0.772 0 0 -1.93873e-05
0.773 0 0 -1.93879e-05
0.774 0 0 -1.93885e-05
0.775 0 0 -1.93892e-05
0.776 0 0 -1.93898e-05
0.777 0 0 -1.93904e-05
0.778 0 0 -1.9391e-05
0.779 0 0 -1.93917e-05
0.78 0 0 -1.93923e-05
0.781 0 0 -1.93929e-05
0.782 0 0 -1.93935e-05
0.783 0 0 -1.93942e-05
0.784 0 0 -1.93948e-05
0.785 0 0 -1.93954e-05
0.786 0 0 -1.9396e-05
0.787 0 0 -1.93967e-05
0.788 0 0 -1.93973e-05
0.789 0 0 -1.93979e-05
0.79 0 0 -1.93986e-05
0.791 0 0 -1.93992e-05
0.792 0 0 -1.93998e-05
0.793 0 0 -1.94004e-05
0.794 0 0 -1.94011e-05
0.795 0 0 -1.94017e-05
0.796 0 0 -1.94023e-05
0.797 0 0 -1.94029e-05
0.798 0 0 -1.94036e-05
0.799 0 0 -1.94042e-05
0.8 0 0 -1.94048e-05
0.801 0 0 -1.94054e-05
0.802 0 0 -1.94061e-05
0.803 0 0 -1.94067e-05
0.804 0 0 -1.94073e-05
0.805 0 0 -1.94079e-05
0.806 0 0 -1.94086e-05
0.807 0 0 -1.94092e-05
0.808 0 0 -1.94098e-05
0.809 0 0 -1.94104e-05
0.81 0 0 -1.94111e-05
0.811 0 0 -1.94117e-05
0.812 0 0 -1.94123e-05
0.813 0 0 -1.94129e-05
0.814 0 0 -1.94135e-05
0.815 0 0 -1.94142e-05
0.816 0 0 -1.94148e-05
0.817 0 0 -1.94154e-05
0.818 0 0 -1.9416e-05
0.819 0 0 -1.94167e-05
0.82 0 0 -1.94173e-05
0.821 0 0 -1.94179e-05
0.822 0 0 -1.94185e-05
0.823 0 0 -1.94192e-05
0.824 0 0 -1.94198e-05
0.825 0 0 -1.94204e-05
0.826 0 0 -1.9421e-05
0.827 0 0 -1.94217e-05
0.828 0 0 -1.94223e-05
0.829 0 0 -1.94229e-05
0.83 0 0 -1.94235e-05
0.831 0 0 -1.94241e-05
0.832 0 0 -1.94248e-05
0.833 0 0 -1.94254e-05
0.834 0 0 -1.9426e-05
0.835 0 0 -1.94266e-05
0.836 0 0 -1.94273e-05
0.837 0 0 -1.94279e-05
0.838 0 0 -1.94285e-05
0.839 0 0 -1.94291e-05
0.84 0 0 -1.94297e-05
0.841 0 0 -1.94304e-05
0.842 0 0 -1.9431e-05
0.843 0 0 -1.94316e-05
0.844 0 0 -1.94322e-05
0.845 0 0 -1.94329e-05
0.846 0 0 -1.94335e-05
0.847 0 0 -1.94341e-05
0.848 0 0 -1.94347e-05
0.849 0 0 -1.94353e-05
0.85 0 0 -1.9436e-05
0.851 0 0 -1.94366e-05
0.852 0 0 -1.94372e-05
0.853 0 0 -1.94378e-05
0.854 0 0 -1.94384e-05
0.855 0 0 -1.94391e-05
0.856 0 0 -1.94397e-05
0.857 0 0 -1.94403e-05
0.858 0 0 -1.94409e-05
0.859 0 0 -1.94416e-05
0.86 0 0 -1.94422e-05
0.861 0 0 -1.94428e-05
0.862 0 0 -1.94434e-05
0.863 0 0 -1.9444e-05
0.864 0 0 -1.94447e-05
0.865 0 0 -1.94453e-05
0.866 0 0 -1.94459e-05
0.867 0 0 -1.94465e-05
0.868 0 0 -1.94471e-05
0.869 0 0 -1.94478e-05
0.87 0 0 -1.94484e-05
0.871 0 0 -1.9449e-05
0.872 0 0 -1.94496e-05
0.873 0 0 -1.94502e-05
0.874 0 0 -1.94509e-05
0.875 0 0 -1.94515e-05
0.876 0 0 -1.94521e-05
0.877 0 0 -1.94527e-05
0.878 0 0 -1.94533e-05
0.879 0 0 -1.9454e-05
0.88 0 0 -1.94546e-05
0.881 0 0 -1.94552e-05
0.882 0 0 -1.94558e-05
0.883 0 0 -1.94564e-05
0.884 0 0 -1.94571e-05
0.885 0 0 -1.94577e-05
0.886 0 0 -1.94583e-05
0.887 0 0 -1.94589e-05
0.888 0 0 -1.94595e-05
0.889 0 0 -1.94602e-05
0.89 0 0 -1.94608e-05
0.891 0 0 -1.94614e-05
0.892 0 0 -1.9462e-05
0.893 0 0 -1.94626e-05
0.894 0 0 -1.94633e-05
0.895 0 0 -1.94639e-05
0.896 0 0 -1.94645e-05
0.897 0 0 -1.94651e-05
0.898 0 0 -1.94657e-05
0.899 0 0 -1.94663e-05
0.9 0 0 -1.9467e-05
0.901 0 0 -1.94676e-05
0.902 0 0 -1.94682e-05
0.903 0 0 -1.94688e-05
0.904 0 0 -1.94694e-05
0.905 0 0 -1.94701e-05
0.906 0 0 -1.94707e-05
0.907 0 0 -1.94713e-05
0.908 0 0 -1.94719e-05
0.909 0 0 -1.94725e-05
0.91 0 0 -1.94732e-05
0.911 0 0 -1.94738e-05
0.912 0 0 -1.94744e-05
0.913 0 0 -1.9475e-05
0.914 0 0 -1.94756e-05
0.915 0 0 -1.94762e-05
0.916 0 0 -1.94769e-05
0.917 0 0 -1.94775e-05
0.918 0 0 -1.94781e-05
0.919 0 0 -1.94787e-05
0.92 0 0 -1.94793e-05
0.921 0 0 -1.948e-05
0.922 0 0 -1.94806e-05
0.923 0 0 -1.94812e-05
0.924 0 0 -1.94818e-05
0.925 0 0 -1.94824e-05
0.926 0 0 -1.94831e-05
0.927 0 0 -1.94837e-05
0.928 0 0 -1.94843e-05
0.929 0 0 -1.94849e-05
0.93 0 0 -1.94855e-05
0.931 0 0 -1.94861e-05
0.932 0 0 -1.94868e-05
0.933 0 0 -1.94874e-05
0.934 0 0 -1.9488e-05
0.935 0 0 -1.94886e-05
0.936 0 0 -1.94892e-05
0.937 0 0 -1.94899e-05
0.938 0 0 -1.94905e-05
0.939 0 0 -1.94911e-05
0.94 0 0 -1.94917e-05
0.941 0 0 -1.94923e-05
0.942 0 0 -1.94929e-05
0.943 0 0 -1.94936e-05
0.944 0 0 -1.94942e-05
0.945 0 0 -1.94948e-05
0.946 0 0 -1.94954e-05
0.947 0 0 -1.9496e-05
0.948 0 0 -1.94966e-05
0.949 0 0 -1.94973e-05
0.95 0 0 -1.94979e-05
0.951 0 0 -1.94985e-05
0.952 0 0 -1.94991e-05
0.953 0 0 -1.94997e-05
0.954 0 0 -1.95004e-05
0.955 0 0 -1.9501e-05
0.956 0 0 -1.95016e-05
0.957 0 0 -1.95022e-05
0.958 0 0 -1.95028e-05
0.959 0 0 -1.95034e-05
0.96 0 0 -1.95041e-05
0.961 0 0 -1.95047e-05
0.962 0 0 -1.95053e-05
0.963 0 0 -1.95059e-05
0.964 0 0 -1.95065e-05
0.965 0 0 -1.95072e-05
0.966 0 0 -1.95078e-05
0.967 0 0 -1.95084e-05
0.968 0 0 -1.9509e-05
0.969 0 0 -1.95096e-05
0.97 0 0 -1.95102e-05
0.971 0 0 -1.95109e-05
0.972 0 0 -1.95115e-05
0.973 0 0 -1.95121e-05
0.974 0 0 -1.95127e-05
0.975 0 0 -1.95133e-05
0.976 0 0 -1.95139e-05
0.977 0 0 -1.95146e-05
0.978 0 0 -1.95152e-05
0.979 0 0 -1.95158e-05
0.98 0 0 -1.95164e-05
0.981 0 0 -1.9517e-05
0.982 0 0 -1.95176e-05
0.983 0 0 -1.95183e-05
0.984 0 0 -1.95189e-05
0.985 0 0 -1.95195e-05
0.986 0 0 -1.95201e-05
0.987 0 0 -1.95207e-05
0.988 0 0 -1.95214e-05
0.989 0 0 -1.9522e-05
0.99 0 0 -1.95226e-05
0.991 0 0 -1.95232e-05
0.992 0 0 -1.95238e-05
0.993 0 0 -1.95244e-05
0.994 0 0 -1.95251e-05
0.995 0 0 -1.95257e-05
0.996 0 0 -1.95263e-05
0.997 0 0 -1.95269e-05
0.998 0 0 -1.95275e-05
0.999 0 0 -1.95281e-05
