0 0 0 0
0 -0.0073639 0.0037884 -0.0035755
0.001 -0.00736409 0.00378862 -0.00357547
0.002 -0.00736427 0.00378884 -0.00357543
0.003 -0.00736445 0.00378905 -0.0035754
0.004 -0.00736463 0.00378927 -0.00357536
0.005 -0.00736482 0.00378949 -0.00357533
0.006 -0.007365 0.00378971 -0.00357529
0.007 -0.00736518 0.00378993 -0.00357526
0.008 -0.00736537 0.00379015 -0.00357522
0.009 -0.00736555 0.00379036 -0.00357518
0.01 -0.00736573 0.00379058 -0.00357515
0.011 -0.00736591 0.00379081 -0.00357511
0.012 -0.0073661 0.00379103 -0.00357507
0.013 -0.00736628 0.00379125 -0.00357503
0.014 -0.00736646 0.00379147 -0.00357499
0.015 -0.00736664 0.00379169 -0.00357495
0.016 -0.00736683 0.00379191 -0.00357491
0.017 -0.00736701 0.00379214 -0.00357487
0.018 -0.00736719 0.00379236 -0.00357483
0.019 -0.00736737 0.00379258 -0.00357479
0.02 -0.00736756 0.00379281 -0.00357475
0.021 -0.00736774 0.00379303 -0.00357471
0.022 -0.00736792 0.00379326 -0.00357466
0.023 -0.00736811 0.00379348 -0.00357462
0.024 -0.00736829 0.00379371 -0.00357458
0.025 -0.00736847 0.00379394 -0.00357453
0.026 -0.00736865 0.00379416 -0.00357449
0.027 -0.00736884 0.00379439 -0.00357445
0.028 -0.00736902 0.00379462 -0.0035744
0.029 -0.0073692 0.00379485 -0.00357436
0.03 -0.00736938 0.00379507 -0.00357431
0.031 -0.00736957 0.0037953 -0.00357426
0.032 -0.00736975 0.00379553 -0.00357422
0.033 -0.00736993 0.00379576 -0.00357417
0.034 -0.00737011 0.00379599 -0.00357412
0.035 -0.0073703 0.00379622 -0.00357408
0.036 -0.00737048 0.00379645 -0.00357403
0.037 -0.00737066 0.00379668 -0.00357398
0.038 -0.00737084 0.00379691 -0.00357393
0.039 -0.00737103 0.00379715 -0.00357388
0.04 -0.00737121 0.00379738 -0.00357383
0.041 -0.00737139 0.00379761 -0.00357378
0.042 -0.00737158 0.00379784 -0.00357373
0.043 -0.00737176 0.00379808 -0.00357368
0.044 -0.00737194 0.00379831 -0.00357363
0.045 -0.00737212 0.00379855 -0.00357358
0.046 -0.00737231 0.00379878 -0.00357353
0.047 -0.00737249 0.00379902 -0.00357347
0.048 -0.00737267 0.00379925 -0.00357342
0.049 -0.00737285 0.00379949 -0.00357337
0.05 -0.00737304 0.00379972 -0.00357331
0.051 -0.00737322 0.00379996 -0.00357326
0.052 -0.0073734 0.0038002 -0.0035732
0.053 -0.00737358 0.00380043 -0.00357315
0.054 -0.00737377 0.00380067 -0.00357309
0.055 -0.00737395 0.00380091 -0.00357304
0.056 -0.00737413 0.00380115 -0.00357298
0.057 -0.00737431 0.00380139 -0.00357293
0.058 -0.0073745 0.00380163 -0.00357287
0.059 -0.00737468 0.00380187 -0.00357281
0.06 -0.00737486 0.00380211 -0.00357276
0.061 -0.00737504 0.00380235 -0.0035727
0.062 -0.00737523 0.00380259 -0.00357264
0.063 -0.00737541 0.00380283 -0.00357258
0.064 -0.00737559 0.00380307 -0.00357252
0.065 -0.00737577 0.00380331 -0.00357246
0.066 -0.00737596 0.00380355 -0.0035724
0.067 -0.00737614 0.0038038 -0.00357234
0.068 -0.00737632 0.00380404 -0.00357228
0.069 -0.0073765 0.00380428 -0.00357222
0.07 -0.00737668 0.00380453 -0.00357216
0.071 -0.00737687 0.00380477 -0.0035721
0.072 -0.00737705 0.00380501 -0.00357204
0.073 -0.00737723 0.00380526 -0.00357197
0.074 -0.00737741 0.0038055 -0.00357191
0.075 -0.0073776 0.00380575 -0.00357185
0.076 -0.00737778 0.003806 -0.00357178
0.077 -0.00737796 0.00380624 -0.00357172
0.078 -0.00737814 0.00380649 -0.00357166
0.079 -0.00737833 0.00380673 -0.00357159
0.08 -0.00737851 0.00380698 -0.00357153
0.081 -0.00737869 0.00380723 -0.00357146
0.082 -0.00737887 0.00380748 -0.00357139
0.083 -0.00737905 0.00380773 -0.00357133
0.084 -0.00737924 0.00380797 -0.00357126
0.085 -0.00737942 0.00380822 -0.0035712
0.086 -0.0073796 0.00380847 -0.00357113
0.087 -0.00737978 0.00380872 -0.00357106
0.088 -0.00737997 0.00380897 -0.00357099
0.089 -0.00738015 0.00380922 -0.00357093
0.09 -0.00738033 0.00380947 -0.00357086
0.091 -0.00738051 0.00380972 -0.00357079
0.092 -0.00738069 0.00380998 -0.00357072
0.093 -0.00738088 0.00381023 -0.00357065
0.094 -0.00738106 0.00381048 -0.00357058
0.095 -0.00738124 0.00381073 -0.00357051
0.096 -0.00738142 0.00381099 -0.00357044
0.097 -0.00738161 0.00381124 -0.00357037
0.098 -0.00738179 0.00381149 -0.0035703
0.099 -0.00738197 0.00381175 -0.00357022
0.1 -0.00738215 0.003812 -0.00357015
0.101 -0.00738233 0.00381225 -0.00357008
0.102 -0.00738252 0.00381251 -0.00357001
0.103 -0.0073827 0.00381276 -0.00356994
0.104 -0.00738288 0.00381302 -0.00356986
0.105 -0.00738306 0.00381327 -0.00356979
0.106 -0.00738324 0.00381353 -0.00356971
0.107 -0.00738343 0.00381379 -0.00356964
0.108 -0.00738361 0.00381404 -0.00356957
0.109 -0.00738379 0.0038143 -0.00356949
0.11 -0.00738397 0.00381456 -0.00356942
0.111 -0.00738415 0.00381481 -0.00356934
0.112 -0.00738434 0.00381507 -0.00356926
0.113 -0.00738452 0.00381533 -0.00356919
0.114 -0.0073847 0.00381559 -0.00356911
0.115 -0.00738488 0.00381585 -0.00356904
0.116 -0.00738506 0.0038161 -0.00356896
0.117 -0.00738525 0.00381636 -0.00356888
0.118 -0.00738543 0.00381662 -0.0035688
0.119 -0.00738561 0.00381688 -0.00356873
0.12 -0.00738579 0.00381714 -0.00356865
0.121 -0.00738597 0.0038174 -0.00356857
0.122 -0.00738615 0.00381766 -0.00356849
0.123 -0.00738634 0.00381792 -0.00356841
0.124 -0.00738652 0.00381818 -0.00356833
0.125 -0.0073867 0.00381845 -0.00356825
0.126 -0.00738688 0.00381871 -0.00356817
0.127 -0.00738706 0.00381897 -0.00356809
0.128 -0.00738725 0.00381923 -0.00356801
0.129 -0.00738743 0.00381949 -0.00356793
0.13 -0.00738761 0.00381976 -0.00356785
0.131 -0.00738779 0.00382002 -0.00356777
0.132 -0.00738797 0.00382028 -0.00356769
0.133 -0.00738815 0.00382054 -0.00356761
0.134 -0.00738833 0.00382081 -0.00356753
0.135 -0.00738852 0.00382107 -0.00356744
0.136 -0.0073887 0.00382134 -0.00356736
0.137 -0.00738888 0.0038216 -0.00356728
0.138 -0.00738906 0.00382186 -0.0035672
0.139 -0.00738924 0.00382213 -0.00356711
0.14 -0.00738942 0.00382239 -0.00356703
0.141 -0.00738961 0.00382266 -0.00356695
0.142 -0.00738979 0.00382292 -0.00356686
0.143 -0.00738997 0.00382319 -0.00356678
0.144 -0.00739015 0.00382345 -0.0035667
0.145 -0.00739033 0.00382372 -0.00356661
0.146 -0.00739051 0.00382399 -0.00356653
0.147 -0.00739069 0.00382425 -0.00356644
0.148 -0.00739088 0.00382452 -0.00356636
0.149 -0.00739106 0.00382479 -0.00356627
0.15 -0.00739124 0.00382505 -0.00356619
0.151 -0.00739142 0.00382532 -0.0035661
0.152 -0.0073916 0.00382559 -0.00356601
0.153 -0.00739178 0.00382585 -0.00356593
0.154 -0.00739196 0.00382612 -0.00356584
0.155 -0.00739214 0.00382639 -0.00356576
0.156 -0.00739233 0.00382666 -0.00356567
0.157 -0.00739251 0.00382692 -0.00356558
0.158 -0.00739269 0.00382719 -0.0035655
0.159 -0.00739287 0.00382746 -0.00356541
0.16 -0.00739305 0.00382773 -0.00356532
0.161 -0.00739323 0.003828 -0.00356523
0.162 -0.00739341 0.00382827 -0.00356515
0.163 -0.00739359 0.00382853 -0.00356506
0.164 -0.00739377 0.0038288 -0.00356497
0.165 -0.00739396 0.00382907 -0.00356488
0.166 -0.00739414 0.00382934 -0.0035648
0.167 -0.00739432 0.00382961 -0.00356471
0.168 -0.0073945 0.00382988 -0.00356462
0.169 -0.00739468 0.00383015 -0.00356453
0.17 -0.00739486 0.00383042 -0.00356444
0.171 -0.00739504 0.00383069 -0.00356435
0.172 -0.00739522 0.00383096 -0.00356426
0.173 -0.0073954 0.00383123 -0.00356418
0.174 -0.00739558 0.0038315 -0.00356409
0.175 -0.00739576 0.00383177 -0.003564
0.176 -0.00739594 0.00383204 -0.00356391
0.177 -0.00739613 0.00383231 -0.00356382
0.178 -0.00739631 0.00383258 -0.00356373
0.179 -0.00739649 0.00383285 -0.00356364
0.18 -0.00739667 0.00383312 -0.00356355
0.181 -0.00739685 0.00383339 -0.00356346
0.182 -0.00739703 0.00383366 -0.00356337
0.183 -0.00739721 0.00383393 -0.00356328
0.184 -0.00739739 0.0038342 -0.00356319
0.185 -0.00739757 0.00383447 -0.0035631
0.186 -0.00739775 0.00383474 -0.00356301
0.187 -0.00739793 0.00383501 -0.00356292
0.188 -0.00739811 0.00383528 -0.00356283
0.189 -0.00739829 0.00383555 -0.00356274
0.19 -0.00739847 0.00383582 -0.00356265
0.191 -0.00739865 0.00383609 -0.00356256
0.192 -0.00739883 0.00383636 -0.00356247
0.193 -0.00739901 0.00383663 -0.00356238
0.194 -0.00739919 0.0038369 -0.00356229
0.195 -0.00739937 0.00383717 -0.0035622
0.196 -0.00739955 0.00383744 -0.00356211
0.197 -0.00739973 0.00383771 -0.00356202
0.198 -0.00739991 0.00383798 -0.00356193
0.199 -0.00740009 0.00383825 -0.00356184
0.2 -0.00740027 0.00383852 -0.00356175
0.201 -0.00740045 0.00383879 -0.00356167
0.202 -0.00740063 0.00383906 -0.00356158
0.203 -0.00740081 0.00383933 -0.00356149
0.204 -0.00740099 0.0038396 -0.0035614
0.205 -0.00740117 0.00383987 -0.00356131
0.206 -0.00740135 0.00384014 -0.00356122
0.207 -0.00740153 0.00384041 -0.00356113
0.208 -0.00740171 0.00384067 -0.00356104
0.209 -0.00740189 0.00384094 -0.00356095
0.21 -0.00740207 0.00384121 -0.00356086
0.211 -0.00740225 0.00384148 -0.00356077
0.212 -0.00740243 0.00384175 -0.00356068
0.213 -0.00740261 0.00384202 -0.00356059
0.214 -0.00740279 0.00384229 -0.0035605
0.215 -0.00740297 0.00384255 -0.00356042
0.216 -0.00740315 0.00384282 -0.00356033
0.217 -0.00740333 0.00384309 -0.00356024
0.218 -0.00740351 0.00384336 -0.00356015
0.219 -0.00740369 0.00384362 -0.00356006
0.22 -0.00740387 0.00384389 -0.00355998
0.221 -0.00740405 0.00384416 -0.00355989
0.222 -0.00740423 0.00384443 -0.0035598
0.223 -0.00740441 0.00384469 -0.00355971
0.224 -0.00740458 0.00384496 -0.00355963
0.225 -0.00740476 0.00384522 -0.00355954
0.226 -0.00740494 0.00384549 -0.00355945
0.227 -0.00740512 0.00384576 -0.00355937
0.228 -0.0074053 0.00384602 -0.00355928
0.229 -0.00740548 0.00384629 -0.00355919
0.23 -0.00740566 0.00384655 -0.00355911
0.231 -0.00740584 0.00384682 -0.00355902
0.232 -0.00740602 0.00384708 -0.00355894
0.233 -0.0074062 0.00384734 -0.00355885
0.234 -0.00740637 0.00384761 -0.00355877
0.235 -0.00740655 0.00384787 -0.00355868
0.236 -0.00740673 0.00384813 -0.0035586
0.237 -0.00740691 0.0038484 -0.00355851
0.238 -0.00740709 0.00384866 -0.00355843
0.239 -0.00740727 0.00384892 -0.00355835
0.24 -0.00740745 0.00384918 -0.00355826
0.241 -0.00740762 0.00384944 -0.00355818
0.242 -0.0074078 0.0038497 -0.0035581
0.243 -0.00740798 0.00384996 -0.00355802
0.244 -0.00740816 0.00385022 -0.00355793
0.245 -0.00740834 0.00385048 -0.00355785
0.246 -0.00740852 0.00385074 -0.00355777
0.247 -0.00740869 0.003851 -0.00355769
0.248 -0.00740887 0.00385126 -0.00355761
0.249 -0.00740905 0.00385152 -0.00355753
0.25 -0.00740923 0.00385178 -0.00355745
0.251 -0.00740941 0.00385204 -0.00355737
0.252 -0.00740958 0.00385229 -0.00355729
0.253 -0.00740976 0.00385255 -0.00355721
0.254 -0.00740994 0.0038528 -0.00355714
0.255 -0.00741012 0.00385306 -0.00355706
0.256 -0.0074103 0.00385332 -0.00355698
0.257 -0.00741047 0.00385357 -0.0035569
0.258 -0.00741065 0.00385382 -0.00355683
0.259 -0.00741083 0.00385408 -0.00355675
0.26 -0.00741101 0.00385433 -0.00355667
0.261 -0.00741118 0.00385458 -0.0035566
0.262 -0.00741136 0.00385484 -0.00355652
0.263 -0.00741154 0.00385509 -0.00355645
0.264 -0.00741172 0.00385534 -0.00355638
0.265 -0.00741189 0.00385559 -0.0035563
0.266 -0.00741207 0.00385584 -0.00355623
0.267 -0.00741225 0.00385609 -0.00355616
0.268 -0.00741242 0.00385634 -0.00355609
0.269 -0.0074126 0.00385659 -0.00355602
0.27 -0.00741278 0.00385683 -0.00355594
0.271 -0.00741296 0.00385708 -0.00355587
0.272 -0.00741313 0.00385733 -0.0035558
0.273 -0.00741331 0.00385757 -0.00355574
0.274 -0.00741349 0.00385782 -0.00355567
0.275 -0.00741366 0.00385806 -0.0035556
0.276 -0.00741384 0.00385831 -0.00355553
0.277 -0.00741402 0.00385855 -0.00355546
0.278 -0.00741419 0.00385879 -0.0035554
0.279 -0.00741437 0.00385904 -0.00355533
0.28 -0.00741455 0.00385928 -0.00355527
0.281 -0.00741472 0.00385952 -0.0035552
0.282 -0.0074149 0.00385976 -0.00355514
0.283 -0.00741507 0.00386 -0.00355507
0.284 -0.00741525 0.00386024 -0.00355501
0.285 -0.00741543 0.00386048 -0.00355495
0.286 -0.0074156 0.00386071 -0.00355489
0.287 -0.00741578 0.00386095 -0.00355483
0.288 -0.00741595 0.00386119 -0.00355477
0.289 -0.00741613 0.00386142 -0.00355471
0.29 -0.00741631 0.00386166 -0.00355465
0.291 -0.00741648 0.00386189 -0.00355459
0.292 -0.00741666 0.00386212 -0.00355453
0.293 -0.00741683 0.00386236 -0.00355448
0.294 -0.00741701 0.00386259 -0.00355442
0.295 -0.00741718 0.00386282 -0.00355436
0.296 -0.00741736 0.00386305 -0.00355431
0.297 -0.00741754 0.00386328 -0.00355425
0.298 -0.00741771 0.00386351 -0.0035542
0.299 -0.00741789 0.00386374 -0.00355415
0.3 -0.00741806 0.00386396 -0.0035541
0.301 -0.00741824 0.00386419 -0.00355405
0.302 -0.00741841 0.00386442 -0.003554
0.303 -0.00741859 0.00386464 -0.00355395
0.304 -0.00741876 0.00386486 -0.0035539
0.305 -0.00741894 0.00386509 -0.00355385
0.306 -0.00741911 0.00386531 -0.0035538
0.307 -0.00741929 0.00386553 -0.00355375
0.308 -0.00741946 0.00386575 -0.00355371
0.309 -0.00741963 0.00386597 -0.00355366
0.31 -0.00741981 0.00386619 -0.00355362
0.311 -0.00741998 0.00386641 -0.00355357
0.312 -0.00742016 0.00386663 -0.00355353
0.313 -0.00742033 0.00386684 -0.00355349
0.314 -0.00742051 0.00386706 -0.00355345
0.315 -0.00742068 0.00386727 -0.00355341
0.316 -0.00742085 0.00386749 -0.00355337
0.317 -0.00742103 0.0038677 -0.00355333
0.318 -0.0074212 0.00386791 -0.00355329
0.319 -0.00742138 0.00386812 -0.00355325
0.32 -0.00742155 0.00386833 -0.00355322
0.321 -0.00742172 0.00386854 -0.00355318
0.322 -0.0074219 0.00386875 -0.00355315
0.323 -0.00742207 0.00386896 -0.00355311
0.324 -0.00742225 0.00386916 -0.00355308
0.325 -0.00742242 0.00386937 -0.00355305
0.326 -0.00742259 0.00386957 -0.00355302
0.327 -0.00742277 0.00386978 -0.00355299
0.328 -0.00742294 0.00386998 -0.00355296
0.329 -0.00742311 0.00387018 -0.00355293
0.33 -0.00742328 0.00387038 -0.0035529
0.331 -0.00742346 0.00387058 -0.00355287
0.332 -0.00742363 0.00387078 -0.00355285
0.333 -0.0074238 0.00387098 -0.00355282
0.334 -0.00742398 0.00387118 -0.0035528
0.335 -0.00742415 0.00387137 -0.00355277
0.336 -0.00742432 0.00387157 -0.00355275
0.337 -0.00742449 0.00387176 -0.00355273
0.338 -0.00742467 0.00387196 -0.00355271
0.339 -0.00742484 0.00387215 -0.00355269
0.34 -0.00742501 0.00387234 -0.00355267
0.341 -0.00742518 0.00387253 -0.00355265
0.342 -0.00742536 0.00387272 -0.00355264
0.343 -0.00742553 0.00387291 -0.00355262
0.344 -0.0074257 0.0038731 -0.0035526
0.345 -0.00742587 0.00387328 -0.00355259
0.346 -0.00742604 0.00387347 -0.00355258
0.347 -0.00742622 0.00387365 -0.00355256
0.348 -0.00742639 0.00387384 -0.00355255
0.349 -0.00742656 0.00387402 -0.00355254
0.35 -0.00742673 0.0038742 -0.00355253
0.351 -0.0074269 0.00387438 -0.00355252
0.352 -0.00742707 0.00387456 -0.00355251
0.353 -0.00742725 0.00387474 -0.00355251
0.354 -0.00742742 0.00387492 -0.0035525
0.355 -0.00742759 0.00387509 -0.0035525
0.356 -0.00742776 0.00387527 -0.00355249
0.357 -0.00742793 0.00387544 -0.00355249
0.358 -0.0074281 0.00387562 -0.00355249
0.359 -0.00742827 0.00387579 -0.00355248
0.36 -0.00742844 0.00387596 -0.00355248
0.361 -0.00742861 0.00387613 -0.00355248
0.362 -0.00742879 0.0038763 -0.00355249
0.363 -0.00742896 0.00387647 -0.00355249
0.364 -0.00742913 0.00387664 -0.00355249
0.365 -0.0074293 0.0038768 -0.00355249
0.366 -0.00742947 0.00387697 -0.0035525
0.367 -0.00742964 0.00387713 -0.00355251
0.368 -0.00742981 0.0038773 -0.00355251
0.369 -0.00742998 0.00387746 -0.00355252
0.37 -0.00743015 0.00387762 -0.00355253
0.371 -0.00743032 0.00387778 -0.00355254
0.372 -0.00743049 0.00387794 -0.00355255
0.373 -0.00743066 0.0038781 -0.00355256
0.374 -0.00743083 0.00387825 -0.00355257
0.375 -0.007431 0.00387841 -0.00355259
0.376 -0.00743117 0.00387857 -0.0035526
0.377 -0.00743134 0.00387872 -0.00355262
0.378 -0.00743151 0.00387887 -0.00355263
0.379 -0.00743168 0.00387903 -0.00355265
0.38 -0.00743184 0.00387918 -0.00355267
0.381 -0.00743201 0.00387933 -0.00355269
0.382 -0.00743218 0.00387948 -0.0035527
0.383 -0.00743235 0.00387963 -0.00355273
0.384 -0.00743252 0.00387977 -0.00355275
0.385 -0.00743269 0.00387992 -0.00355277
0.386 -0.00743286 0.00388007 -0.00355279
0.387 -0.00743303 0.00388021 -0.00355282
0.388 -0.0074332 0.00388036 -0.00355284
0.389 -0.00743337 0.0038805 -0.00355287
0.39 -0.00743353 0.00388064 -0.00355289
0.391 -0.0074337 0.00388078 -0.00355292
0.392 -0.00743387 0.00388092 -0.00355295
0.393 -0.00743404 0.00388106 -0.00355298
0.394 -0.00743421 0.0038812 -0.00355301
0.395 -0.00743438 0.00388134 -0.00355304
0.396 -0.00743454 0.00388147 -0.00355307
0.397 -0.00743471 0.00388161 -0.00355311
0.398 -0.00743488 0.00388174 -0.00355314
0.399 -0.00743505 0.00388187 -0.00355317
0.4 -0.00743522 0.00388201 -0.00355321
0.401 -0.00743538 0.00388214 -0.00355324
0.402 -0.00743555 0.00388227 -0.00355328
0.403 -0.00743572 0.0038824 -0.00355332
0.404 -0.00743589 0.00388253 -0.00355336
0.405 -0.00743605 0.00388266 -0.0035534
0.406 -0.00743622 0.00388278 -0.00355344
0.407 -0.00743639 0.00388291 -0.00355348
0.408 -0.00743656 0.00388303 -0.00355352
0.409 -0.00743672 0.00388316 -0.00355356
0.41 -0.00743689 0.00388328 -0.00355361
0.411 -0.00743706 0.00388341 -0.00355365
0.412 -0.00743722 0.00388353 -0.0035537
0.413 -0.00743739 0.00388365 -0.00355374
0.414 -0.00743756 0.00388377 -0.00355379
0.415 -0.00743772 0.00388389 -0.00355384
0.416 -0.00743789 0.00388401 -0.00355388
0.417 -0.00743806 0.00388412 -0.00355393
0.418 -0.00743822 0.00388424 -0.00355398
0.419 -0.00743839 0.00388436 -0.00355403
0.42 -0.00743856 0.00388447 -0.00355408
0.421 -0.00743872 0.00388459 -0.00355414
0.422 -0.00743889 0.0038847 -0.00355419
0.423 -0.00743905 0.00388481 -0.00355424
0.424 -0.00743922 0.00388493 -0.0035543
0.425 -0.00743939 0.00388504 -0.00355435
0.426 -0.00743955 0.00388515 -0.00355441
0.427 -0.00743972 0.00388526 -0.00355446
0.428 -0.00743988 0.00388537 -0.00355452
0.429 -0.00744005 0.00388547 -0.00355458
0.43 -0.00744022 0.00388558 -0.00355463
0.431 -0.00744038 0.00388569 -0.00355469
0.432 -0.00744055 0.00388579 -0.00355475
0.433 -0.00744071 0.0038859 -0.00355481
0.434 -0.00744088 0.003886 -0.00355487
0.435 -0.00744104 0.00388611 -0.00355493
0.436 -0.00744121 0.00388621 -0.003555
0.437 -0.00744137 0.00388631 -0.00355506
0.438 -0.00744154 0.00388642 -0.00355512
0.439 -0.0074417 0.00388652 -0.00355519
0.44 -0.00744187 0.00388662 -0.00355525
0.441 -0.00744203 0.00388672 -0.00355532
0.442 -0.0074422 0.00388682 -0.00355538
0.443 -0.00744236 0.00388692 -0.00355545
0.444 -0.00744253 0.00388701 -0.00355551
0.445 -0.00744269 0.00388711 -0.00355558
0.446 -0.00744286 0.00388721 -0.00355565
0.447 -0.00744302 0.0038873 -0.00355572
0.448 -0.00744318 0.0038874 -0.00355579
0.449 -0.00744335 0.00388749 -0.00355586
0.45 -0.00744351 0.00388759 -0.00355593
0.451 -0.00744368 0.00388768 -0.003556
0.452 -0.00744384 0.00388777 -0.00355607
0.453 -0.00744401 0.00388787 -0.00355614
0.454 -0.00744417 0.00388796 -0.00355621
0.455 -0.00744433 0.00388805 -0.00355628
0.456 -0.0074445 0.00388814 -0.00355636
0.457 -0.00744466 0.00388823 -0.00355643
0.458 -0.00744482 0.00388832 -0.00355651
0.459 -0.00744499 0.00388841 -0.00355658
0.46 -0.00744515 0.0038885 -0.00355666
0.461 -0.00744532 0.00388859 -0.00355673
0.462 -0.00744548 0.00388867 -0.00355681
0.463 -0.00744564 0.00388876 -0.00355688
0.464 -0.00744581 0.00388885 -0.00355696
0.465 -0.00744597 0.00388893 -0.00355704
0.466 -0.00744613 0.00388902 -0.00355711
0.467 -0.0074463 0.0038891 -0.00355719
0.468 -0.00744646 0.00388919 -0.00355727
0.469 -0.00744662 0.00388927 -0.00355735
0.47 -0.00744678 0.00388936 -0.00355743
0.471 -0.00744695 0.00388944 -0.00355751
0.472 -0.00744711 0.00388952 -0.00355759
0.473 -0.00744727 0.0038896 -0.00355767
0.474 -0.00744744 0.00388969 -0.00355775
0.475 -0.0074476 0.00388977 -0.00355783
0.476 -0.00744776 0.00388985 -0.00355791
0.477 -0.00744792 0.00388993 -0.00355799
0.478 -0.00744809 0.00389001 -0.00355808
0.479 -0.00744825 0.00389009 -0.00355816
0.48 -0.00744841 0.00389017 -0.00355824
0.481 -0.00744857 0.00389025 -0.00355832
0.482 -0.00744874 0.00389033 -0.00355841
0.483 -0.0074489 0.00389041 -0.00355849
0.484 -0.00744906 0.00389048 -0.00355858
0.485 -0.00744922 0.00389056 -0.00355866
0.486 -0.00744938 0.00389064 -0.00355874
0.487 -0.00744955 0.00389072 -0.00355883
0.488 -0.00744971 0.00389079 -0.00355891
0.489 -0.00744987 0.00389087 -0.003559
0.49 -0.00745003 0.00389095 -0.00355908
0.491 -0.00745019 0.00389102 -0.00355917
0.492 -0.00745035 0.0038911 -0.00355926
0.493 -0.00745052 0.00389117 -0.00355934
0.494 -0.00745068 0.00389125 -0.00355943
0.495 -0.00745084 0.00389132 -0.00355952
0.496 -0.007451 0.0038914 -0.0035596
0.497 -0.00745116 0.00389147 -0.00355969
0.498 -0.00745132 0.00389155 -0.00355978
0.499 -0.00745149 0.00389162 -0.00355986
0.5 -0.00745165 0.00389169 -0.00355995
0.501 -0.00745181 0.00389177 -0.00356004
0.502 -0.00745197 0.00389184 -0.00356013
0.503 -0.00745213 0.00389191 -0.00356022
0.504 -0.00745229 0.00389199 -0.0035603
0.505 -0.00745245 0.00389206 -0.00356039
0.506 -0.00745261 0.00389213 -0.00356048
0.507 -0.00745277 0.0038922 -0.00356057
0.508 -0.00745293 0.00389228 -0.00356066
0.509 -0.00745309 0.00389235 -0.00356075
0.51 -0.00745326 0.00389242 -0.00356084
0.511 -0.00745342 0.00389249 -0.00356092
0.512 -0.00745358 0.00389256 -0.00356101
0.513 -0.00745374 0.00389263 -0.0035611
0.514 -0.0074539 0.00389271 -0.00356119
0.515 -0.00745406 0.00389278 -0.00356128
0.516 -0.00745422 0.00389285 -0.00356137
0.517 -0.00745438 0.00389292 -0.00356146
0.518 -0.00745454 0.00389299 -0.00356155
0.519 -0.0074547 0.00389306 -0.00356164
0.52 -0.00745486 0.00389313 -0.00356173
0.521 -0.00745502 0.0038932 -0.00356182
0.522 -0.00745518 0.00389327 -0.00356191
0.523 -0.00745534 0.00389334 -0.003562
0.524 -0.0074555 0.00389341 -0.00356209
0.525 -0.00745566 0.00389348 -0.00356218
0.526 -0.00745582 0.00389355 -0.00356227
0.527 -0.00745598 0.00389362 -0.00356236
0.528 -0.00745614 0.00389369 -0.00356245
0.529 -0.0074563 0.00389376 -0.00356254
0.53 -0.00745646 0.00389383 -0.00356263
0.531 -0.00745662 0.0038939 -0.00356272
0.532 -0.00745678 0.00389397 -0.00356281
0.533 -0.00745694 0.00389404 -0.0035629
0.534 -0.0074571 0.00389411 -0.00356299
0.535 -0.00745726 0.00389418 -0.00356308
0.536 -0.00745741 0.00389425 -0.00356317
0.537 -0.00745757 0.00389432 -0.00356326
0.538 -0.00745773 0.00389439 -0.00356335
0.539 -0.00745789 0.00389446 -0.00356344
0.54 -0.00745805 0.00389453 -0.00356352
0.541 -0.00745821 0.0038946 -0.00356361
0.542 -0.00745837 0.00389467 -0.0035637
0.543 -0.00745853 0.00389474 -0.00356379
0.544 -0.00745869 0.00389481 -0.00356388
0.545 -0.00745885 0.00389488 -0.00356397
0.546 -0.00745901 0.00389495 -0.00356406
0.547 -0.00745916 0.00389502 -0.00356415
0.548 -0.00745932 0.00389509 -0.00356424
0.549 -0.00745948 0.00389516 -0.00356433
0.55 -0.00745964 0.00389523 -0.00356442
0.551 -0.0074598 0.0038953 -0.0035645
0.552 -0.00745996 0.00389537 -0.00356459
0.553 -0.00746012 0.00389544 -0.00356468
0.554 -0.00746027 0.00389551 -0.00356477
0.555 -0.00746043 0.00389558 -0.00356486
0.556 -0.00746059 0.00389565 -0.00356494
0.557 -0.00746075 0.00389572 -0.00356503
0.558 -0.00746091 0.00389579 -0.00356512
0.559 -0.00746107 0.00389586 -0.00356521
0.56 -0.00746122 0.00389593 -0.00356529
0.561 -0.00746138 0.003896 -0.00356538
0.562 -0.00746154 0.00389607 -0.00356547
0.563 -0.0074617 0.00389614 -0.00356556
0.564 -0.00746186 0.00389621 -0.00356564
0.565 -0.00746202 0.00389629 -0.00356573
0.566 -0.00746217 0.00389636 -0.00356582
0.567 -0.00746233 0.00389643 -0.0035659
0.568 -0.00746249 0.0038965 -0.00356599
0.569 -0.00746265 0.00389657 -0.00356607
0.57 -0.0074628 0.00389665 -0.00356616
0.571 -0.00746296 0.00389672 -0.00356624
0.572 -0.00746312 0.00389679 -0.00356633
0.573 -0.00746328 0.00389686 -0.00356641
0.574 -0.00746343 0.00389694 -0.0035665
0.575 -0.00746359 0.00389701 -0.00356658
0.576 -0.00746375 0.00389708 -0.00356667
0.577 -0.00746391 0.00389716 -0.00356675
0.578 -0.00746406 0.00389723 -0.00356684
0.579 -0.00746422 0.0038973 -0.00356692
0.58 -0.00746438 0.00389738 -0.003567
0.581 -0.00746454 0.00389745 -0.00356709
0.582 -0.00746469 0.00389752 -0.00356717
0.583 -0.00746485 0.0038976 -0.00356725
0.584 -0.00746501 0.00389767 -0.00356734
0.585 -0.00746517 0.00389775 -0.00356742
0.586 -0.00746532 0.00389782 -0.0035675
0.587 -0.00746548 0.0038979 -0.00356758
0.588 -0.00746564 0.00389797 -0.00356766
0.589 -0.00746579 0.00389805 -0.00356774
0.59 -0.00746595 0.00389812 -0.00356783
0.591 -0.00746611 0.0038982 -0.00356791
0.592 -0.00746626 0.00389828 -0.00356799
0.593 -0.00746642 0.00389835 -0.00356807
0.594 -0.00746658 0.00389843 -0.00356815
0.595 -0.00746673 0.00389851 -0.00356823
0.596 -0.00746689 0.00389858 -0.00356831
0.597 -0.00746705 0.00389866 -0.00356839
0.598 -0.0074672 0.00389874 -0.00356846
0.599 -0.00746736 0.00389882 -0.00356854
0.6 -0.00746752 0.00389889 -0.00356862
0.601 -0.00746767 0.00389897 -0.0035687
0.602 -0.00746783 0.00389905 -0.00356878
0.603 -0.00746798 0.00389913 -0.00356885
0.604 -0.00746814 0.00389921 -0.00356893
0.605 -0.0074683 0.00389929 -0.00356901
0.606 -0.00746845 0.00389937 -0.00356909
0.607 -0.00746861 0.00389945 -0.00356916
0.608 -0.00746877 0.00389953 -0.00356924
0.609 -0.00746892 0.00389961 -0.00356931
0.61 -0.00746908 0.00389969 -0.00356939
0.611 -0.00746923 0.00389977 -0.00356946
0.612 -0.00746939 0.00389985 -0.00356954
0.613 -0.00746955 0.00389993 -0.00356961
0.614 -0.0074697 0.00390001 -0.00356969
0.615 -0.00746986 0.0039001 -0.00356976
0.616 -0.00747001 0.00390018 -0.00356984
0.617 -0.00747017 0.00390026 -0.00356991
0.618 -0.00747032 0.00390034 -0.00356998
0.619 -0.00747048 0.00390043 -0.00357005
0.62 -0.00747064 0.00390051 -0.00357013
0.621 -0.00747079 0.00390059 -0.0035702
0.622 -0.00747095 0.00390068 -0.00357027
0.623 -0.0074711 0.00390076 -0.00357034
0.624 -0.00747126 0.00390085 -0.00357041
0.625 -0.00747141 0.00390093 -0.00357048
0.626 -0.00747157 0.00390101 -0.00357055
0.627 -0.00747172 0.0039011 -0.00357062
0.628 -0.00747188 0.00390119 -0.00357069
0.629 -0.00747203 0.00390127 -0.00357076
0.63 -0.00747219 0.00390136 -0.00357083
0.631 -0.00747234 0.00390144 -0.0035709
0.632 -0.0074725 0.00390153 -0.00357097
0.633 -0.00747265 0.00390162 -0.00357103
0.634 -0.00747281 0.00390171 -0.0035711
0.635 -0.00747296 0.00390179 -0.00357117
0.636 -0.00747312 0.00390188 -0.00357124
0.637 -0.00747327 0.00390197 -0.0035713
0.638 -0.00747343 0.00390206 -0.00357137
0.639 -0.00747358 0.00390215 -0.00357143
0.64 -0.00747374 0.00390224 -0.0035715
0.641 -0.00747389 0.00390233 -0.00357156
0.642 -0.00747405 0.00390242 -0.00357163
0.643 -0.0074742 0.00390251 -0.00357169
0.644 -0.00747436 0.0039026 -0.00357176
0.645 -0.00747451 0.00390269 -0.00357182
0.646 -0.00747466 0.00390278 -0.00357188
0.647 -0.00747482 0.00390287 -0.00357195
0.648 -0.00747497 0.00390296 -0.00357201
0.649 -0.00747513 0.00390306 -0.00357207
0.65 -0.00747528 0.00390315 -0.00357213
0.651 -0.00747544 0.00390324 -0.0035722
0.652 -0.00747559 0.00390333 -0.00357226
0.653 -0.00747574 0.00390343 -0.00357232
0.654 -0.0074759 0.00390352 -0.00357238
0.655 -0.00747605 0.00390362 -0.00357244
0.656 -0.00747621 0.00390371 -0.0035725
0.657 -0.00747636 0.0039038 -0.00357256
0.658 -0.00747651 0.0039039 -0.00357261
0.659 -0.00747667 0.003904 -0.00357267
0.66 -0.00747682 0.00390409 -0.00357273
0.661 -0.00747698 0.00390419 -0.00357279
0.662 -0.00747713 0.00390428 -0.00357285
0.663 -0.00747728 0.00390438 -0.0035729
0.664 -0.00747744 0.00390448 -0.00357296
0.665 -0.00747759 0.00390458 -0.00357301
0.666 -0.00747774 0.00390467 -0.00357307
0.667 -0.0074779 0.00390477 -0.00357313
0.668 -0.00747805 0.00390487 -0.00357318
0.669 -0.0074782 0.00390497 -0.00357323
0.67 -0.00747836 0.00390507 -0.00357329
0.671 -0.00747851 0.00390517 -0.00357334
0.672 -0.00747866 0.00390527 -0.0035734
0.673 -0.00747882 0.00390537 -0.00357345
0.674 -0.00747897 0.00390547 -0.0035735
0.675 -0.00747912 0.00390557 -0.00357355
0.676 -0.00747928 0.00390567 -0.0035736
0.677 -0.00747943 0.00390577 -0.00357366
0.678 -0.00747958 0.00390588 -0.00357371
0.679 -0.00747974 0.00390598 -0.00357376
0.68 -0.00747989 0.00390608 -0.00357381
0.681 -0.00748004 0.00390618 -0.00357386
0.682 -0.00748019 0.00390629 -0.00357391
0.683 -0.00748035 0.00390639 -0.00357396
0.684 -0.0074805 0.0039065 -0.003574
0.685 -0.00748065 0.0039066 -0.00357405
0.686 -0.00748081 0.0039067 -0.0035741
0.687 -0.00748096 0.00390681 -0.00357415
0.688 -0.00748111 0.00390692 -0.00357419
0.689 -0.00748126 0.00390702 -0.00357424
0.69 -0.00748142 0.00390713 -0.00357429
0.691 -0.00748157 0.00390724 -0.00357433
0.692 -0.00748172 0.00390734 -0.00357438
0.693 -0.00748187 0.00390745 -0.00357442
0.694 -0.00748202 0.00390756 -0.00357447
0.695 -0.00748218 0.00390767 -0.00357451
0.696 -0.00748233 0.00390777 -0.00357456
0.697 -0.00748248 0.00390788 -0.0035746
0.698 -0.00748263 0.00390799 -0.00357464
0.699 -0.00748279 0.0039081 -0.00357468
0.7 -0.00748294 0.00390821 -0.00357473
0.701 -0.00748309 0.00390832 -0.00357477
0.702 -0.00748324 0.00390843 -0.00357481
0.703 -0.00748339 0.00390854 -0.00357485
0.704 -0.00748355 0.00390866 -0.00357489
0.705 -0.0074837 0.00390877 -0.00357493
0.706 -0.00748385 0.00390888 -0.00357497
0.707 -0.007484 0.00390899 -0.00357501
0.708 -0.00748415 0.00390911 -0.00357505
0.709 -0.0074843 0.00390922 -0.00357509
0.71 -0.00748446 0.00390933 -0.00357512
0.711 -0.00748461 0.00390945 -0.00357516
0.712 -0.00748476 0.00390956 -0.0035752
0.713 -0.00748491 0.00390968 -0.00357524
0.714 -0.00748506 0.00390979 -0.00357527
0.715 -0.00748521 0.00390991 -0.00357531
0.716 -0.00748536 0.00391002 -0.00357534
0.717 -0.00748552 0.00391014 -0.00357538
0.718 -0.00748567 0.00391025 -0.00357541
0.719 -0.00748582 0.00391037 -0.00357545
0.72 -0.00748597 0.00391049 -0.00357548
0.721 -0.00748612 0.00391061 -0.00357551
0.722 -0.00748627 0.00391072 -0.00357555
0.723 -0.00748642 0.00391084 -0.00357558
0.724 -0.00748657 0.00391096 -0.00357561
0.725 -0.00748672 0.00391108 -0.00357564
0.726 -0.00748688 0.0039112 -0.00357567
0.727 -0.00748703 0.00391132 -0.0035757
0.728 -0.00748718 0.00391144 -0.00357574
0.729 -0.00748733 0.00391156 -0.00357577
0.73 -0.00748748 0.00391168 -0.00357579
0.731 -0.00748763 0.0039118 -0.00357582
0.732 -0.00748778 0.00391193 -0.00357585
0.733 -0.00748793 0.00391205 -0.00357588
0.734 -0.00748808 0.00391217 -0.00357591
0.735 -0.00748823 0.00391229 -0.00357594
0.736 -0.00748838 0.00391242 -0.00357596
0.737 -0.00748853 0.00391254 -0.00357599
0.738 -0.00748868 0.00391267 -0.00357602
0.739 -0.00748883 0.00391279 -0.00357604
0.74 -0.00748898 0.00391291 -0.00357607
0.741 -0.00748913 0.00391304 -0.00357609
0.742 -0.00748928 0.00391317 -0.00357612
0.743 -0.00748943 0.00391329 -0.00357614
0.744 -0.00748958 0.00391342 -0.00357617
0.745 -0.00748973 0.00391354 -0.00357619
0.746 -0.00748988 0.00391367 -0.00357621
0.747 -0.00749003 0.0039138 -0.00357623
0.748 -0.00749018 0.00391393 -0.00357626
0.749 -0.00749033 0.00391405 -0.00357628
0.75 -0.00749048 0.00391418 -0.0035763
0.751 -0.00749063 0.00391431 -0.00357632
0.752 -0.00749078 0.00391444 -0.00357634
0.753 -0.00749093 0.00391457 -0.00357636
0.754 -0.00749108 0.0039147 -0.00357638
0.755 -0.00749123 0.00391483 -0.0035764
0.756 -0.00749138 0.00391496 -0.00357642
0.757 -0.00749153 0.00391509 -0.00357643
0.758 -0.00749168 0.00391523 -0.00357645
0.759 -0.00749183 0.00391536 -0.00357647
0.76 -0.00749198 0.00391549 -0.00357649
0.761 -0.00749213 0.00391562 -0.0035765
0.762 -0.00749228 0.00391576 -0.00357652
0.763 -0.00749242 0.00391589 -0.00357653
0.764 -0.00749257 0.00391602 -0.00357655
0.765 -0.00749272 0.00391616 -0.00357656
0.766 -0.00749287 0.00391629 -0.00357658
0.767 -0.00749302 0.00391643 -0.00357659
0.768 -0.00749317 0.00391656 -0.00357661
0.769 -0.00749332 0.0039167 -0.00357662
0.77 -0.00749347 0.00391683 -0.00357663
0.771 -0.00749362 0.00391697 -0.00357664
0.772 -0.00749376 0.00391711 -0.00357666
0.773 -0.00749391 0.00391724 -0.00357667
0.774 -0.00749406 0.00391738 -0.00357668
0.775 -0.00749421 0.00391752 -0.00357669
0.776 -0.00749436 0.00391766 -0.0035767
0.777 -0.00749451 0.0039178 -0.00357671
0.778 -0.00749466 0.00391794 -0.00357672
0.779 -0.0074948 0.00391808 -0.00357673
0.78 -0.00749495 0.00391822 -0.00357674
0.781 -0.0074951 0.00391836 -0.00357674
0.782 -0.00749525 0.0039185 -0.00357675
0.783 -0.0074954 0.00391864 -0.00357676
0.784 -0.00749554 0.00391878 -0.00357677
0.785 -0.00749569 0.00391892 -0.00357677
0.786 -0.00749584 0.00391906 -0.00357678
0.787 -0.00749599 0.00391921 -0.00357678
0.788 -0.00749614 0.00391935 -0.00357679
0.789 -0.00749628 0.00391949 -0.00357679
0.79 -0.00749643 0.00391964 -0.0035768
0.791 -0.00749658 0.00391978 -0.0035768
0.792 -0.00749673 0.00391992 -0.0035768
0.793 -0.00749688 0.00392007 -0.00357681
0.794 -0.00749702 0.00392021 -0.00357681
0.795 -0.00749717 0.00392036 -0.00357681
0.796 -0.00749732 0.00392051 -0.00357681
0.797 -0.00749747 0.00392065 -0.00357681
0.798 -0.00749761 0.0039208 -0.00357681
0.799 -0.00749776 0.00392095 -0.00357682
0.8 -0.00749791 0.00392109 -0.00357682
0.801 -0.00749805 0.00392124 -0.00357681
0.802 -0.0074982 0.00392139 -0.00357681
0.803 -0.00749835 0.00392154 -0.00357681
0.804 -0.0074985 0.00392169 -0.00357681
0.805 -0.00749864 0.00392184 -0.00357681
0.806 -0.00749879 0.00392198 -0.00357681
0.807 -0.00749894 0.00392214 -0.0035768
0.808 -0.00749908 0.00392229 -0.0035768
0.809 -0.00749923 0.00392244 -0.0035768
0.81 -0.00749938 0.00392259 -0.00357679
0.811 -0.00749952 0.00392274 -0.00357679
0.812 -0.00749967 0.00392289 -0.00357678
0.813 -0.00749982 0.00392304 -0.00357678
0.814 -0.00749996 0.0039232 -0.00357677
0.815 -0.00750011 0.00392335 -0.00357676
0.816 -0.00750026 0.0039235 -0.00357676
0.817 -0.0075004 0.00392366 -0.00357675
0.818 -0.00750055 0.00392381 -0.00357674
0.819 -0.0075007 0.00392396 -0.00357673
0.82 -0.00750084 0.00392412 -0.00357672
0.821 -0.00750099 0.00392427 -0.00357671
0.822 -0.00750114 0.00392443 -0.00357671
0.823 -0.00750128 0.00392459 -0.0035767
0.824 -0.00750143 0.00392474 -0.00357669
0.825 -0.00750157 0.0039249 -0.00357667
0.826 -0.00750172 0.00392506 -0.00357666
0.827 -0.00750187 0.00392521 -0.00357665
0.828 -0.00750201 0.00392537 -0.00357664
0.829 -0.00750216 0.00392553 -0.00357663
0.83 -0.0075023 0.00392569 -0.00357661
0.831 -0.00750245 0.00392585 -0.0035766
0.832 -0.0075026 0.00392601 -0.00357659
0.833 -0.00750274 0.00392617 -0.00357657
0.834 -0.00750289 0.00392633 -0.00357656
0.835 -0.00750303 0.00392649 -0.00357654
0.836 -0.00750318 0.00392665 -0.00357653
0.837 -0.00750332 0.00392681 -0.00357651
0.838 -0.00750347 0.00392697 -0.0035765
0.839 -0.00750361 0.00392713 -0.00357648
0.84 -0.00750376 0.0039273 -0.00357646
0.841 -0.0075039 0.00392746 -0.00357644
0.842 -0.00750405 0.00392762 -0.00357643
0.843 -0.00750419 0.00392779 -0.00357641
0.844 -0.00750434 0.00392795 -0.00357639
0.845 -0.00750448 0.00392811 -0.00357637
0.846 -0.00750463 0.00392828 -0.00357635
0.847 -0.00750477 0.00392844 -0.00357633
0.848 -0.00750492 0.00392861 -0.00357631
0.849 -0.00750506 0.00392877 -0.00357629
0.85 -0.00750521 0.00392894 -0.00357627
0.851 -0.00750535 0.00392911 -0.00357625
0.852 -0.0075055 0.00392927 -0.00357622
0.853 -0.00750564 0.00392944 -0.0035762
0.854 -0.00750579 0.00392961 -0.00357618
0.855 -0.00750593 0.00392978 -0.00357615
0.856 -0.00750608 0.00392995 -0.00357613
0.857 -0.00750622 0.00393011 -0.00357611
0.858 -0.00750636 0.00393028 -0.00357608
0.859 -0.00750651 0.00393045 -0.00357606
0.86 -0.00750665 0.00393062 -0.00357603
0.861 -0.0075068 0.00393079 -0.003576
0.862 -0.00750694 0.00393096 -0.00357598
0.863 -0.00750709 0.00393113 -0.00357595
0.864 -0.00750723 0.0039313 -0.00357592
0.865 -0.00750737 0.00393148 -0.0035759
0.866 -0.00750752 0.00393165 -0.00357587
0.867 -0.00750766 0.00393182 -0.00357584
0.868 -0.0075078 0.00393199 -0.00357581
0.869 -0.00750795 0.00393217 -0.00357578
0.87 -0.00750809 0.00393234 -0.00357575
0.871 -0.00750824 0.00393251 -0.00357572
0.872 -0.00750838 0.00393269 -0.00357569
0.873 -0.00750852 0.00393286 -0.00357566
0.874 -0.00750867 0.00393304 -0.00357563
0.875 -0.00750881 0.00393321 -0.0035756
0.876 -0.00750895 0.00393339 -0.00357556
0.877 -0.0075091 0.00393356 -0.00357553
0.878 -0.00750924 0.00393374 -0.0035755
0.879 -0.00750938 0.00393392 -0.00357547
0.88 -0.00750953 0.00393409 -0.00357543
0.881 -0.00750967 0.00393427 -0.0035754
0.882 -0.00750981 0.00393445 -0.00357536
0.883 -0.00750995 0.00393463 -0.00357533
0.884 -0.0075101 0.00393481 -0.00357529
0.885 -0.00751024 0.00393499 -0.00357526
0.886 -0.00751038 0.00393516 -0.00357522
0.887 -0.00751053 0.00393534 -0.00357518
0.888 -0.00751067 0.00393552 -0.00357514
0.889 -0.00751081 0.0039357 -0.00357511
0.89 -0.00751095 0.00393589 -0.00357507
0.891 -0.0075111 0.00393607 -0.00357503
0.892 -0.00751124 0.00393625 -0.00357499
0.893 -0.00751138 0.00393643 -0.00357495
0.894 -0.00751152 0.00393661 -0.00357491
0.895 -0.00751167 0.00393679 -0.00357487
0.896 -0.00751181 0.00393698 -0.00357483
0.897 -0.00751195 0.00393716 -0.00357479
0.898 -0.00751209 0.00393734 -0.00357475
0.899 -0.00751223 0.00393753 -0.00357471
0.9 -0.00751238 0.00393771 -0.00357466
0.901 -0.00751252 0.0039379 -0.00357462
0.902 -0.00751266 0.00393808 -0.00357458
0.903 -0.0075128 0.00393827 -0.00357454
0.904 -0.00751294 0.00393845 -0.00357449
0.905 -0.00751309 0.00393864 -0.00357445
0.906 -0.00751323 0.00393882 -0.0035744
0.907 -0.00751337 0.00393901 -0.00357436
0.908 -0.00751351 0.0039392 -0.00357431
0.909 -0.00751365 0.00393939 -0.00357427
0.91 -0.00751379 0.00393957 -0.00357422
0.911 -0.00751393 0.00393976 -0.00357417
0.912 -0.00751408 0.00393995 -0.00357413
0.913 -0.00751422 0.00394014 -0.00357408
0.914 -0.00751436 0.00394033 -0.00357403
0.915 -0.0075145 0.00394052 -0.00357398
0.916 -0.00751464 0.00394071 -0.00357393
0.917 -0.00751478 0.0039409 -0.00357388
0.918 -0.00751492 0.00394109 -0.00357383
0.919 -0.00751506 0.00394128 -0.00357378
0.92 -0.0075152 0.00394147 -0.00357373
0.921 -0.00751535 0.00394166 -0.00357368
0.922 -0.00751549 0.00394185 -0.00357363
0.923 -0.00751563 0.00394205 -0.00357358
0.924 -0.00751577 0.00394224 -0.00357353
0.925 -0.00751591 0.00394243 -0.00357348
0.926 -0.00751605 0.00394262 -0.00357342
0.927 -0.00751619 0.00394282 -0.00357337
0.928 -0.00751633 0.00394301 -0.00357332
0.929 -0.00751647 0.00394321 -0.00357326
0.93 -0.00751661 0.0039434 -0.00357321
0.931 -0.00751675 0.0039436 -0.00357315
0.932 -0.00751689 0.00394379 -0.0035731
0.933 -0.00751703 0.00394399 -0.00357304
0.934 -0.00751717 0.00394418 -0.00357299
0.935 -0.00751731 0.00394438 -0.00357293
0.936 -0.00751745 0.00394458 -0.00357288
0.937 -0.00751759 0.00394477 -0.00357282
0.938 -0.00751773 0.00394497 -0.00357276
0.939 -0.00751787 0.00394517 -0.0035727
0.94 -0.00751801 0.00394536 -0.00357265
0.941 -0.00751815 0.00394556 -0.00357259
0.942 -0.00751829 0.00394576 -0.00357253
0.943 -0.00751843 0.00394596 -0.00357247
0.944 -0.00751857 0.00394616 -0.00357241
0.945 -0.00751871 0.00394636 -0.00357235
0.946 -0.00751885 0.00394656 -0.00357229
0.947 -0.00751899 0.00394676 -0.00357223
0.948 -0.00751913 0.00394696 -0.00357217
0.949 -0.00751926 0.00394716 -0.0035721
0.95 -0.0075194 0.00394736 -0.00357204
0.951 -0.00751954 0.00394756 -0.00357198
0.952 -0.00751968 0.00394776 -0.00357192
0.953 -0.00751982 0.00394797 -0.00357186
0.954 -0.00751996 0.00394817 -0.00357179
0.955 -0.0075201 0.00394837 -0.00357173
0.956 -0.00752024 0.00394857 -0.00357166
0.957 -0.00752038 0.00394878 -0.0035716
0.958 -0.00752051 0.00394898 -0.00357153
0.959 -0.00752065 0.00394918 -0.00357147
0.96 -0.00752079 0.00394939 -0.0035714
0.961 -0.00752093 0.00394959 -0.00357134
0.962 -0.00752107 0.0039498 -0.00357127
0.963 -0.00752121 0.00395 -0.0035712
0.964 -0.00752134 0.00395021 -0.00357114
0.965 -0.00752148 0.00395041 -0.00357107
0.966 -0.00752162 0.00395062 -0.003571
0.967 -0.00752176 0.00395082 -0.00357093
0.968 -0.0075219 0.00395103 -0.00357087
0.969 -0.00752203 0.00395124 -0.0035708
0.97 -0.00752217 0.00395144 -0.00357073
0.971 -0.00752231 0.00395165 -0.00357066
0.972 -0.00752245 0.00395186 -0.00357059
0.973 -0.00752259 0.00395207 -0.00357052
0.974 -0.00752272 0.00395227 -0.00357045
0.975 -0.00752286 0.00395248 -0.00357038
0.976 -0.007523 0.00395269 -0.00357031
0.977 -0.00752314 0.0039529 -0.00357024
0.978 -0.00752327 0.00395311 -0.00357016
0.979 -0.00752341 0.00395332 -0.00357009
0.98 -0.00752355 0.00395353 -0.00357002
0.981 -0.00752368 0.00395374 -0.00356995
0.982 -0.00752382 0.00395395 -0.00356987
0.983 -0.00752396 0.00395416 -0.0035698
0.984 -0.0075241 0.00395437 -0.00356973
0.985 -0.00752423 0.00395458 -0.00356965
0.986 -0.00752437 0.00395479 -0.00356958
0.987 -0.00752451 0.003955 -0.0035695
0.988 -0.00752464 0.00395522 -0.00356943
0.989 -0.00752478 0.00395543 -0.00356935
0.99 -0.00752492 0.00395564 -0.00356928
0.991 -0.00752505 0.00395585 -0.0035692
0.992 -0.00752519 0.00395606 -0.00356912
0.993 -0.00752533 0.00395628 -0.00356905
0.994 -0.00752546 0.00395649 -0.00356897
0.995 -0.0075256 0.0039567 -0.00356889
0.996 -0.00752573 0.00395692 -0.00356882
0.997 -0.00752587 0.00395713 -0.00356874
0.998 -0.00752601 0.00395735 -0.00356866
0.999 -0.00752614 0.00395756 -0.00356858
