0 -0.000236871 0.000118436 -0.000118434
0.001 -0.000236871 0.000118436 -0.000118434
0.002 -0.000236871 0.000118436 -0.000118434
0.003 -0.000236871 0.000118436 -0.000118434
0.004 -0.000236871 0.000118436 -0.000118434
0.005 -0.000236871 0.000118436 -0.000118434
0.006 -0.000236871 0.000118436 -0.000118434
0.007 -0.000236871 0.000118436 -0.000118434
0.008 -0.000236871 0.000118436 -0.000118434
0.009 -0.000236871 0.000118436 -0.000118434
0.01 -0.000236871 0.000118436 -0.000118434
0.011 -0.000236871 0.000118436 -0.000118434
0.012 -0.000236871 0.000118436 -0.000118434
0.013 -0.00023687 0.000118436 -0.000118434
0.014 -0.00023687 0.000118436 -0.000118434
0.015 -0.00023687 0.000118436 -0.000118434
0.016 -0.00023687 0.000118436 -0.000118434
0.017 -0.00023687 0.000118436 -0.000118434
0.018 -0.00023687 0.000118436 -0.000118434
0.019 -0.00023687 0.000118436 -0.000118434
0.02 -0.00023687 0.000118436 -0.000118434
0.021 -0.00023687 0.000118436 -0.000118434
0.022 -0.00023687 0.000118436 -0.000118434
0.023 -0.00023687 0.000118436 -0.000118434
0.024 -0.00023687 0.000118436 -0.000118434
0.025 -0.00023687 0.000118436 -0.000118434
0.026 -0.00023687 0.000118436 -0.000118434
0.027 -0.00023687 0.000118436 -0.000118434
0.028 -0.00023687 0.000118436 -0.000118434
0.029 -0.00023687 0.000118436 -0.000118434
0.03 -0.00023687 0.000118436 -0.000118434
0.031 -0.00023687 0.000118436 -0.000118434
0.032 -0.00023687 0.000118436 -0.000118434
0.033 -0.00023687 0.000118436 -0.000118434
0.034 -0.00023687 0.000118436 -0.000118434
0.035 -0.00023687 0.000118436 -0.000118434
0.036 -0.00023687 0.000118436 -0.000118434
0.037 -0.00023687 0.000118436 -0.000118434
0.038 -0.00023687 0.000118436 -0.000118434
0.039 -0.00023687 0.000118436 -0.000118434
0.04 -0.00023687 0.000118436 -0.000118434
0.041 -0.00023687 0.000118436 -0.000118434
0.042 -0.00023687 0.000118436 -0.000118434
0.043 -0.00023687 0.000118436 -0.000118434
0.044 -0.00023687 0.000118436 -0.000118434
0.045 -0.00023687 0.000118436 -0.000118434
0.046 -0.00023687 0.000118436 -0.000118434
0.047 -0.00023687 0.000118436 -0.000118434
0.048 -0.00023687 0.000118436 -0.000118434
0.049 -0.00023687 0.000118436 -0.000118434
0.05 -0.00023687 0.000118436 -0.000118434
0.051 -0.00023687 0.000118436 -0.000118434
0.052 -0.00023687 0.000118436 -0.000118434
0.053 -0.00023687 0.000118436 -0.000118434
0.054 -0.00023687 0.000118436 -0.000118434
0.055 -0.00023687 0.000118436 -0.000118434
0.056 -0.00023687 0.000118436 -0.000118434
0.057 -0.00023687 0.000118436 -0.000118434
0.058 -0.00023687 0.000118436 -0.000118434
0.059 -0.00023687 0.000118436 -0.000118434
0.06 -0.00023687 0.000118436 -0.000118434
0.061 -0.00023687 0.000118436 -0.000118434
0.062 -0.00023687 0.000118436 -0.000118434
0.063 -0.00023687 0.000118436 -0.000118434
0.064 -0.00023687 0.000118436 -0.000118434
0.065 -0.00023687 0.000118436 -0.000118434
0.066 -0.00023687 0.000118436 -0.000118434
0.067 -0.00023687 0.000118436 -0.000118434
0.068 -0.00023687 0.000118436 -0.000118434
0.069 -0.00023687 0.000118436 -0.000118434
0.07 -0.00023687 0.000118436 -0.000118434
0.071 -0.00023687 0.000118436 -0.000118434
0.072 -0.00023687 0.000118436 -0.000118434
0.073 -0.00023687 0.000118436 -0.000118434
0.074 -0.00023687 0.000118436 -0.000118434
0.075 -0.00023687 0.000118436 -0.000118434
0.076 -0.00023687 0.000118436 -0.000118434
0.077 -0.00023687 0.000118436 -0.000118434
0.078 -0.00023687 0.000118436 -0.000118434
0.079 -0.00023687 0.000118436 -0.000118434
0.08 -0.00023687 0.000118436 -0.000118434
0.081 -0.00023687 0.000118436 -0.000118434
0.082 -0.00023687 0.000118436 -0.000118434
0.083 -0.00023687 0.000118436 -0.000118434
0.084 -0.00023687 0.000118436 -0.000118434
0.085 -0.00023687 0.000118436 -0.000118434
0.086 -0.00023687 0.000118436 -0.000118434
0.087 -0.00023687 0.000118436 -0.000118434
0.088 -0.00023687 0.000118436 -0.000118434
0.089 -0.00023687 0.000118436 -0.000118434
0.09 -0.00023687 0.000118436 -0.000118434
0.091 -0.00023687 0.000118436 -0.000118434
0.092 -0.00023687 0.000118436 -0.000118434
0.093 -0.00023687 0.000118436 -0.000118434
0.094 -0.00023687 0.000118436 -0.000118434
0.095 -0.00023687 0.000118436 -0.000118434
0.096 -0.00023687 0.000118436 -0.000118434
0.097 -0.00023687 0.000118436 -0.000118434
0.098 -0.00023687 0.000118436 -0.000118434
0.099 -0.00023687 0.000118436 -0.000118434
0.1 -0.00023687 0.000118436 -0.000118434
0.101 -0.00023687 0.000118436 -0.000118434
0.102 -0.00023687 0.000118436 -0.000118434
0.103 -0.00023687 0.000118436 -0.000118434
0.104 -0.00023687 0.000118436 -0.000118434
0.105 -0.00023687 0.000118436 -0.000118434
0.106 -0.00023687 0.000118436 -0.000118434
0.107 -0.00023687 0.000118436 -0.000118434
0.108 -0.00023687 0.000118436 -0.000118434
0.109 -0.00023687 0.000118436 -0.000118434
0.11 -0.00023687 0.000118436 -0.000118434
0.111 -0.00023687 0.000118436 -0.000118434
0.112 -0.00023687 0.000118436 -0.000118434
0.113 -0.00023687 0.000118436 -0.000118434
0.114 -0.00023687 0.000118436 -0.000118434
0.115 -0.00023687 0.000118436 -0.000118434
0.116 -0.00023687 0.000118436 -0.000118434
0.117 -0.00023687 0.000118436 -0.000118434
0.118 -0.00023687 0.000118436 -0.000118434
0.119 -0.00023687 0.000118436 -0.000118434
0.12 -0.00023687 0.000118436 -0.000118434
0.121 -0.00023687 0.000118436 -0.000118434
0.122 -0.00023687 0.000118436 -0.000118434
0.123 -0.00023687 0.000118436 -0.000118434
0.124 -0.00023687 0.000118436 -0.000118434
0.125 -0.00023687 0.000118436 -0.000118434
0.126 -0.00023687 0.000118436 -0.000118434
0.127 -0.00023687 0.000118436 -0.000118434
0.128 -0.00023687 0.000118436 -0.000118434
0.129 -0.00023687 0.000118436 -0.000118434
0.13 -0.00023687 0.000118436 -0.000118434
0.131 -0.00023687 0.000118436 -0.000118434
0.132 -0.00023687 0.000118436 -0.000118434
0.133 -0.00023687 0.000118436 -0.000118434
0.134 -0.00023687 0.000118436 -0.000118434
0.135 -0.00023687 0.000118436 -0.000118434
0.136 -0.00023687 0.000118436 -0.000118434
0.137 -0.00023687 0.000118436 -0.000118434
0.138 -0.00023687 0.000118436 -0.000118434
0.139 -0.00023687 0.000118436 -0.000118434
0.14 -0.00023687 0.000118436 -0.000118434
0.141 -0.00023687 0.000118436 -0.000118434
0.142 -0.00023687 0.000118436 -0.000118434
0.143 -0.00023687 0.000118436 -0.000118434
0.144 -0.00023687 0.000118436 -0.000118434
0.145 -0.00023687 0.000118436 -0.000118434
0.146 -0.00023687 0.000118436 -0.000118434
0.147 -0.00023687 0.000118436 -0.000118434
0.148 -0.00023687 0.000118436 -0.000118434
0.149 -0.00023687 0.000118436 -0.000118434
0.15 -0.00023687 0.000118436 -0.000118434
0.151 -0.00023687 0.000118436 -0.000118434
0.152 -0.00023687 0.000118436 -0.000118434
0.153 -0.00023687 0.000118436 -0.000118434
0.154 -0.00023687 0.000118436 -0.000118434
0.155 -0.00023687 0.000118436 -0.000118434
0.156 -0.00023687 0.000118436 -0.000118434
0.157 -0.00023687 0.000118436 -0.000118434
0.158 -0.00023687 0.000118436 -0.000118434
0.159 -0.00023687 0.000118436 -0.000118434
0.16 -0.00023687 0.000118436 -0.000118434
0.161 -0.00023687 0.000118436 -0.000118434
0.162 -0.00023687 0.000118436 -0.000118434
0.163 -0.00023687 0.000118436 -0.000118434
0.164 -0.00023687 0.000118436 -0.000118434
0.165 -0.00023687 0.000118436 -0.000118434
0.166 -0.00023687 0.000118436 -0.000118434
0.167 -0.00023687 0.000118436 -0.000118434
0.168 -0.00023687 0.000118436 -0.000118434
0.169 -0.00023687 0.000118436 -0.000118434
0.17 -0.00023687 0.000118436 -0.000118434
0.171 -0.00023687 0.000118436 -0.000118434
0.172 -0.00023687 0.000118436 -0.000118434
0.173 -0.00023687 0.000118436 -0.000118434
0.174 -0.00023687 0.000118436 -0.000118434
0.175 -0.00023687 0.000118436 -0.000118434
0.176 -0.00023687 0.000118436 -0.000118434
0.177 -0.00023687 0.000118436 -0.000118434
0.178 -0.00023687 0.000118436 -0.000118434
0.179 -0.00023687 0.000118435 -0.000118434
0.18 -0.00023687 0.000118435 -0.000118434
0.181 -0.00023687 0.000118435 -0.000118434
0.182 -0.00023687 0.000118435 -0.000118434
0.183 -0.00023687 0.000118435 -0.000118434
0.184 -0.00023687 0.000118435 -0.000118434
0.185 -0.00023687 0.000118435 -0.000118434
0.186 -0.00023687 0.000118435 -0.000118434
0.187 -0.000236869 0.000118435 -0.000118434
0.188 -0.000236869 0.000118435 -0.000118434
0.189 -0.000236869 0.000118435 -0.000118434
0.19 -0.000236869 0.000118435 -0.000118434
0.191 -0.000236869 0.000118435 -0.000118434
0.192 -0.000236869 0.000118435 -0.000118434
0.193 -0.000236869 0.000118435 -0.000118434
0.194 -0.000236869 0.000118435 -0.000118434
0.195 -0.000236869 0.000118435 -0.000118434
0.196 -0.000236869 0.000118435 -0.000118434
0.197 -0.000236869 0.000118435 -0.000118434
0.198 -0.000236869 0.000118435 -0.000118434
0.199 -0.000236869 0.000118435 -0.000118434
0.2 -0.000236869 0.000118435 -0.000118434
0.201 -0.000236869 0.000118435 -0.000118434
0.202 -0.000236869 0.000118435 -0.000118434
0.203 -0.000236869 0.000118435 -0.000118434
0.204 -0.000236869 0.000118435 -0.000118434
0.205 -0.000236869 0.000118435 -0.000118434
0.206 -0.000236869 0.000118435 -0.000118434
0.207 -0.000236869 0.000118435 -0.000118434
0.208 -0.000236869 0.000118435 -0.000118434
0.209 -0.000236869 0.000118435 -0.000118434
0.21 -0.000236869 0.000118435 -0.000118434
0.211 -0.000236869 0.000118435 -0.000118434
0.212 -0.000236869 0.000118435 -0.000118434
0.213 -0.000236869 0.000118435 -0.000118434
0.214 -0.000236869 0.000118435 -0.000118434
0.215 -0.000236869 0.000118435 -0.000118434
0.216 -0.000236869 0.000118435 -0.000118434
0.217 -0.000236869 0.000118435 -0.000118434
0.218 -0.000236869 0.000118435 -0.000118434
0.219 -0.000236869 0.000118435 -0.000118434
0.22 -0.000236869 0.000118435 -0.000118434
0.221 -0.000236869 0.000118435 -0.000118434
0.222 -0.000236869 0.000118435 -0.000118434
0.223 -0.000236869 0.000118435 -0.000118434
0.224 -0.000236869 0.000118435 -0.000118434
0.225 -0.000236869 0.000118435 -0.000118434
0.226 -0.000236869 0.000118435 -0.000118434
0.227 -0.000236869 0.000118435 -0.000118434
0.228 -0.000236869 0.000118435 -0.000118434
0.229 -0.000236869 0.000118435 -0.000118434
0.23 -0.000236869 0.000118435 -0.000118434
0.231 -0.000236869 0.000118435 -0.000118434
0.232 -0.000236869 0.000118435 -0.000118434
0.233 -0.000236869 0.000118435 -0.000118434
0.234 -0.000236869 0.000118435 -0.000118434
0.235 -0.000236869 0.000118435 -0.000118434
0.236 -0.000236869 0.000118435 -0.000118434
0.237 -0.000236869 0.000118435 -0.000118434
0.238 -0.000236869 0.000118435 -0.000118434
0.239 -0.000236869 0.000118435 -0.000118434
0.24 -0.000236869 0.000118435 -0.000118434
0.241 -0.000236869 0.000118435 -0.000118434
0.242 -0.000236869 0.000118435 -0.000118434
0.243 -0.000236869 0.000118435 -0.000118434
0.244 -0.000236869 0.000118435 -0.000118434
0.245 -0.000236869 0.000118435 -0.000118434
0.246 -0.000236869 0.000118435 -0.000118434
0.247 -0.000236869 0.000118435 -0.000118434
0.248 -0.000236869 0.000118435 -0.000118434
0.249 -0.000236869 0.000118435 -0.000118434
0.25 -0.000236869 0.000118435 -0.000118434
0.251 -0.000236869 0.000118435 -0.000118434
0.252 -0.000236869 0.000118435 -0.000118434
0.253 -0.000236869 0.000118435 -0.000118434
0.254 -0.000236869 0.000118435 -0.000118434
0.255 -0.000236869 0.000118435 -0.000118434
0.256 -0.000236869 0.000118435 -0.000118434
0.257 -0.000236869 0.000118435 -0.000118434
0.258 -0.000236869 0.000118435 -0.000118434
0.259 -0.000236869 0.000118435 -0.000118434
0.26 -0.000236869 0.000118435 -0.000118434
0.261 -0.000236869 0.000118435 -0.000118434
0.262 -0.000236869 0.000118435 -0.000118434
0.263 -0.000236869 0.000118435 -0.000118434
0.264 -0.000236869 0.000118435 -0.000118434
0.265 -0.000236869 0.000118435 -0.000118434
0.266 -0.000236869 0.000118435 -0.000118434
0.267 -0.000236869 0.000118435 -0.000118434
0.268 -0.000236869 0.000118435 -0.000118434
0.269 -0.000236869 0.000118435 -0.000118434
0.27 -0.000236869 0.000118435 -0.000118434
0.271 -0.000236869 0.000118435 -0.000118434
0.272 -0.000236869 0.000118435 -0.000118434
0.273 -0.000236869 0.000118435 -0.000118434
0.274 -0.000236869 0.000118435 -0.000118434
0.275 -0.000236869 0.000118435 -0.000118434
0.276 -0.000236869 0.000118435 -0.000118434
0.277 -0.000236869 0.000118435 -0.000118434
0.278 -0.000236869 0.000118435 -0.000118434
0.279 -0.000236869 0.000118434 -0.000118434
0.28 -0.000236869 0.000118434 -0.000118434
0.281 -0.000236869 0.000118434 -0.000118434
0.282 -0.000236869 0.000118434 -0.000118434
0.283 -0.000236869 0.000118434 -0.000118434
0.284 -0.000236869 0.000118434 -0.000118434
0.285 -0.000236869 0.000118434 -0.000118434
0.286 -0.000236869 0.000118434 -0.000118434
0.287 -0.000236868 0.000118434 -0.000118434
0.288 -0.000236868 0.000118434 -0.000118434
0.289 -0.000236868 0.000118434 -0.000118434
0.29 -0.000236868 0.000118434 -0.000118434
0.291 -0.000236868 0.000118434 -0.000118434
0.292 -0.000236868 0.000118434 -0.000118434
0.293 -0.000236868 0.000118434 -0.000118434
0.294 -0.000236868 0.000118434 -0.000118434
0.295 -0.000236868 0.000118434 -0.000118434
0.296 -0.000236868 0.000118434 -0.000118434
0.297 -0.000236868 0.000118434 -0.000118434
0.298 -0.000236868 0.000118434 -0.000118434
0.299 -0.000236868 0.000118434 -0.000118434
0.3 -0.000236868 0.000118434 -0.000118434
0.301 -0.000236868 0.000118434 -0.000118434
0.302 -0.000236868 0.000118434 -0.000118434
0.303 -0.000236868 0.000118434 -0.000118434
0.304 -0.000236868 0.000118434 -0.000118434
0.305 -0.000236868 0.000118434 -0.000118434
0.306 -0.000236868 0.000118434 -0.000118434
0.307 -0.000236868 0.000118434 -0.000118434
0.308 -0.000236868 0.000118434 -0.000118434
0.309 -0.000236868 0.000118434 -0.000118434
0.31 -0.000236868 0.000118434 -0.000118434
0.311 -0.000236868 0.000118434 -0.000118434
0.312 -0.000236868 0.000118434 -0.000118434
0.313 -0.000236868 0.000118434 -0.000118434
0.314 -0.000236868 0.000118434 -0.000118434
0.315 -0.000236868 0.000118434 -0.000118434
0.316 -0.000236868 0.000118434 -0.000118434
0.317 -0.000236868 0.000118434 -0.000118434
0.318 -0.000236868 0.000118434 -0.000118434
0.319 -0.000236868 0.000118434 -0.000118434
0.32 -0.000236868 0.000118434 -0.000118434
0.321 -0.000236868 0.000118434 -0.000118434
0.322 -0.000236868 0.000118434 -0.000118434
0.323 -0.000236868 0.000118434 -0.000118434
0.324 -0.000236868 0.000118434 -0.000118434
0.325 -0.000236868 0.000118434 -0.000118434
0.326 -0.000236868 0.000118434 -0.000118434
0.327 -0.000236868 0.000118434 -0.000118434
0.328 -0.000236868 0.000118434 -0.000118434
0.329 -0.000236868 0.000118434 -0.000118434
0.33 -0.000236868 0.000118434 -0.000118434
0.331 -0.000236868 0.000118434 -0.000118434
0.332 -0.000236868 0.000118434 -0.000118434
0.333 -0.000236868 0.000118434 -0.000118434
0.334 -0.000236868 0.000118434 -0.000118434
0.335 -0.000236868 0.000118434 -0.000118434
0.336 -0.000236868 0.000118434 -0.000118434
0.337 -0.000236868 0.000118434 -0.000118434
0.338 -0.000236868 0.000118434 -0.000118434
0.339 -0.000236868 0.000118434 -0.000118434
0.34 -0.000236868 0.000118434 -0.000118434
0.341 -0.000236868 0.000118434 -0.000118434
0.342 -0.000236868 0.000118434 -0.000118434
0.343 -0.000236868 0.000118434 -0.000118434
0.344 -0.000236868 0.000118434 -0.000118434
0.345 -0.000236868 0.000118434 -0.000118434
0.346 -0.000236868 0.000118434 -0.000118434
0.347 -0.000236868 0.000118434 -0.000118434
0.348 -0.000236868 0.000118434 -0.000118434
0.349 -0.000236868 0.000118434 -0.000118434
0.35 -0.000236868 0.000118434 -0.000118434
0.351 -0.000236868 0.000118434 -0.000118434
0.352 -0.000236868 0.000118434 -0.000118434
0.353 -0.000236868 0.000118434 -0.000118434
0.354 -0.000236868 0.000118434 -0.000118434
0.355 -0.000236868 0.000118434 -0.000118434
0.356 -0.000236868 0.000118434 -0.000118434
0.357 -0.000236868 0.000118434 -0.000118434
0.358 -0.000236868 0.000118434 -0.000118434
0.359 -0.000236868 0.000118434 -0.000118434
0.36 -0.000236868 0.000118434 -0.000118434
0.361 -0.000236868 0.000118434 -0.000118434
0.362 -0.000236868 0.000118434 -0.000118434
0.363 -0.000236868 0.000118434 -0.000118434
0.364 -0.000236868 0.000118434 -0.000118434
0.365 -0.000236868 0.000118434 -0.000118434
0.366 -0.000236868 0.000118434 -0.000118434
0.367 -0.000236868 0.000118434 -0.000118434
0.368 -0.000236868 0.000118434 -0.000118434
0.369 -0.000236868 0.000118434 -0.000118434
0.37 -0.000236868 0.000118434 -0.000118434
0.371 -0.000236868 0.000118434 -0.000118434
0.372 -0.000236868 0.000118434 -0.000118434
0.373 -0.000236868 0.000118434 -0.000118434
0.374 -0.000236868 0.000118434 -0.000118434
0.375 -0.000236868 0.000118434 -0.000118434
0.376 -0.000236868 0.000118434 -0.000118434
0.377 -0.000236868 0.000118434 -0.000118434
0.378 -0.000236868 0.000118434 -0.000118434
0.379 -0.000236868 0.000118434 -0.000118434
0.38 -0.000236868 0.000118434 -0.000118434
0.381 -0.000236868 0.000118434 -0.000118434
0.382 -0.000236868 0.000118434 -0.000118434
0.383 -0.000236868 0.000118434 -0.000118434
0.384 -0.000236868 0.000118434 -0.000118434
0.385 -0.000236868 0.000118434 -0.000118434
0.386 -0.000236868 0.000118434 -0.000118434
0.387 -0.000236868 0.000118434 -0.000118434
0.388 -0.000236868 0.000118434 -0.000118434
0.389 -0.000236868 0.000118434 -0.000118434
0.39 -0.000236868 0.000118434 -0.000118434
0.391 -0.000236868 0.000118434 -0.000118434
0.392 -0.000236868 0.000118434 -0.000118434
0.393 -0.000236868 0.000118434 -0.000118434
0.394 -0.000236868 0.000118434 -0.000118434
0.395 -0.000236868 0.000118434 -0.000118434
0.396 -0.000236868 0.000118433 -0.000118434
0.397 -0.000236868 0.000118433 -0.000118434
0.398 -0.000236868 0.000118433 -0.000118434
0.399 -0.000236868 0.000118433 -0.000118434
0.4 -0.000236868 0.000118433 -0.000118434
0.401 -0.000236868 0.000118433 -0.000118434
0.402 -0.000236868 0.000118433 -0.000118434
0.403 -0.000236868 0.000118433 -0.000118434
0.404 -0.000236868 0.000118433 -0.000118434
0.405 -0.000236868 0.000118433 -0.000118434
0.406 -0.000236868 0.000118433 -0.000118434
0.407 -0.000236868 0.000118433 -0.000118434
0.408 -0.000236868 0.000118433 -0.000118434
0.409 -0.000236868 0.000118433 -0.000118434
0.41 -0.000236867 0.000118433 -0.000118434
0.411 -0.000236867 0.000118433 -0.000118434
0.412 -0.000236867 0.000118433 -0.000118434
0.413 -0.000236867 0.000118433 -0.000118434
0.414 -0.000236867 0.000118433 -0.000118434
0.415 -0.000236867 0.000118433 -0.000118434
0.416 -0.000236867 0.000118433 -0.000118434
0.417 -0.000236867 0.000118433 -0.000118434
0.418 -0.000236867 0.000118433 -0.000118434
0.419 -0.000236867 0.000118433 -0.000118434
0.42 -0.000236867 0.000118433 -0.000118434
0.421 -0.000236867 0.000118433 -0.000118434
0.422 -0.000236867 0.000118433 -0.000118434
0.423 -0.000236867 0.000118433 -0.000118434
0.424 -0.000236867 0.000118433 -0.000118434
0.425 -0.000236867 0.000118433 -0.000118434
0.426 -0.000236867 0.000118433 -0.000118434
0.427 -0.000236867 0.000118433 -0.000118434
0.428 -0.000236867 0.000118433 -0.000118434
0.429 -0.000236867 0.000118433 -0.000118434
0.43 -0.000236867 0.000118433 -0.000118434
0.431 -0.000236867 0.000118433 -0.000118434
0.432 -0.000236867 0.000118433 -0.000118434
0.433 -0.000236867 0.000118433 -0.000118434
0.434 -0.000236867 0.000118433 -0.000118434
0.435 -0.000236867 0.000118433 -0.000118434
0.436 -0.000236867 0.000118433 -0.000118434
0.437 -0.000236867 0.000118433 -0.000118434
0.438 -0.000236867 0.000118433 -0.000118434
0.439 -0.000236867 0.000118433 -0.000118434
0.44 -0.000236867 0.000118433 -0.000118434
0.441 -0.000236867 0.000118433 -0.000118434
0.442 -0.000236867 0.000118433 -0.000118434
0.443 -0.000236867 0.000118433 -0.000118434
0.444 -0.000236867 0.000118433 -0.000118434
0.445 -0.000236867 0.000118433 -0.000118434
0.446 -0.000236867 0.000118433 -0.000118434
0.447 -0.000236867 0.000118433 -0.000118434
0.448 -0.000236867 0.000118433 -0.000118434
0.449 -0.000236867 0.000118433 -0.000118434
0.45 -0.000236867 0.000118433 -0.000118434
0.451 -0.000236867 0.000118433 -0.000118434
0.452 -0.000236867 0.000118433 -0.000118434
0.453 -0.000236867 0.000118433 -0.000118434
0.454 -0.000236867 0.000118433 -0.000118434
0.455 -0.000236867 0.000118433 -0.000118434
0.456 -0.000236867 0.000118433 -0.000118434
0.457 -0.000236867 0.000118433 -0.000118434
0.458 -0.000236867 0.000118433 -0.000118434
0.459 -0.000236867 0.000118433 -0.000118434
0.46 -0.000236867 0.000118433 -0.000118434
0.461 -0.000236867 0.000118433 -0.000118434
0.462 -0.000236867 0.000118433 -0.000118434
0.463 -0.000236867 0.000118433 -0.000118434
0.464 -0.000236867 0.000118433 -0.000118434
0.465 -0.000236867 0.000118433 -0.000118434
0.466 -0.000236867 0.000118433 -0.000118434
0.467 -0.000236867 0.000118433 -0.000118434
0.468 -0.000236867 0.000118433 -0.000118434
0.469 -0.000236867 0.000118433 -0.000118434
0.47 -0.000236867 0.000118433 -0.000118434
0.471 -0.000236867 0.000118433 -0.000118434
0.472 -0.000236867 0.000118433 -0.000118434
0.473 -0.000236867 0.000118433 -0.000118434
0.474 -0.000236867 0.000118433 -0.000118434
0.475 -0.000236867 0.000118433 -0.000118434
0.476 -0.000236867 0.000118433 -0.000118434
0.477 -0.000236867 0.000118433 -0.000118434
0.478 -0.000236867 0.000118433 -0.000118434
0.479 -0.000236867 0.000118433 -0.000118434
0.48 -0.000236867 0.000118433 -0.000118434
0.481 -0.000236867 0.000118433 -0.000118434
0.482 -0.000236867 0.000118433 -0.000118434
0.483 -0.000236867 0.000118433 -0.000118434
0.484 -0.000236867 0.000118433 -0.000118434
0.485 -0.000236867 0.000118433 -0.000118434
0.486 -0.000236867 0.000118433 -0.000118434
0.487 -0.000236867 0.000118433 -0.000118434
0.488 -0.000236867 0.000118433 -0.000118434
0.489 -0.000236867 0.000118433 -0.000118434
0.49 -0.000236867 0.000118433 -0.000118434
0.491 -0.000236867 0.000118433 -0.000118434
0.492 -0.000236867 0.000118433 -0.000118434
0.493 -0.000236867 0.000118433 -0.000118434
0.494 -0.000236867 0.000118433 -0.000118434
0.495 -0.000236867 0.000118433 -0.000118434
0.496 -0.000236867 0.000118433 -0.000118434
0.497 -0.000236867 0.000118433 -0.000118434
0.498 -0.000236867 0.000118433 -0.000118434
0.499 -0.000236867 0.000118433 -0.000118434
0.5 -0.000236867 0.000118433 -0.000118434
0.501 -0.000236867 0.000118433 -0.000118434
0.502 -0.000236867 0.000118433 -0.000118434
0.503 -0.000236867 0.000118433 -0.000118434
0.504 -0.000236867 0.000118433 -0.000118434
0.505 -0.000236867 0.000118433 -0.000118434
0.506 -0.000236867 0.000118433 -0.000118434
0.507 -0.000236867 0.000118433 -0.000118434
0.508 -0.000236867 0.000118433 -0.000118434
0.509 -0.000236867 0.000118433 -0.000118434
0.51 -0.000236867 0.000118433 -0.000118434
0.511 -0.000236867 0.000118433 -0.000118434
0.512 -0.000236867 0.000118433 -0.000118434
0.513 -0.000236867 0.000118433 -0.000118434
0.514 -0.000236867 0.000118433 -0.000118434
0.515 -0.000236867 0.000118433 -0.000118434
0.516 -0.000236867 0.000118433 -0.000118434
0.517 -0.000236867 0.000118433 -0.000118434
0.518 -0.000236867 0.000118433 -0.000118434
0.519 -0.000236867 0.000118433 -0.000118434
0.52 -0.000236867 0.000118433 -0.000118434
0.521 -0.000236867 0.000118433 -0.000118434
0.522 -0.000236867 0.000118433 -0.000118434
0.523 -0.000236867 0.000118433 -0.000118434
0.524 -0.000236867 0.000118433 -0.000118434
0.525 -0.000236867 0.000118433 -0.000118434
0.526 -0.000236867 0.000118433 -0.000118434
0.527 -0.000236867 0.000118433 -0.000118434
0.528 -0.000236867 0.000118433 -0.000118434
0.529 -0.000236867 0.000118433 -0.000118434
0.53 -0.000236867 0.000118433 -0.000118434
0.531 -0.000236867 0.000118433 -0.000118434
0.532 -0.000236867 0.000118433 -0.000118434
0.533 -0.000236867 0.000118433 -0.000118434
0.534 -0.000236867 0.000118433 -0.000118434
0.535 -0.000236867 0.000118433 -0.000118434
0.536 -0.000236867 0.000118433 -0.000118434
0.537 -0.000236867 0.000118433 -0.000118434
0.538 -0.000236867 0.000118433 -0.000118434
0.539 -0.000236867 0.000118433 -0.000118434
0.54 -0.000236867 0.000118433 -0.000118434
0.541 -0.000236867 0.000118433 -0.000118434
0.542 -0.000236867 0.000118433 -0.000118434
0.543 -0.000236867 0.000118433 -0.000118434
0.544 -0.000236867 0.000118433 -0.000118434
0.545 -0.000236867 0.000118433 -0.000118434
0.546 -0.000236867 0.000118433 -0.000118434
0.547 -0.000236867 0.000118433 -0.000118434
0.548 -0.000236867 0.000118433 -0.000118434
0.549 -0.000236867 0.000118433 -0.000118434
0.55 -0.000236867 0.000118433 -0.000118434
0.551 -0.000236867 0.000118433 -0.000118434
0.552 -0.000236867 0.000118433 -0.000118434
0.553 -0.000236867 0.000118433 -0.000118434
0.554 -0.000236867 0.000118433 -0.000118434
0.555 -0.000236867 0.000118433 -0.000118434
0.556 -0.000236867 0.000118433 -0.000118434
0.557 -0.000236867 0.000118433 -0.000118434
0.558 -0.000236867 0.000118433 -0.000118434
0.559 -0.000236867 0.000118433 -0.000118434
0.56 -0.000236867 0.000118433 -0.000118434
0.561 -0.000236867 0.000118433 -0.000118434
0.562 -0.000236867 0.000118433 -0.000118434
0.563 -0.000236867 0.000118433 -0.000118434
0.564 -0.000236867 0.000118433 -0.000118434
0.565 -0.000236867 0.000118433 -0.000118434
0.566 -0.000236867 0.000118433 -0.000118434
0.567 -0.000236867 0.000118433 -0.000118434
0.568 -0.000236867 0.000118433 -0.000118434
0.569 -0.000236867 0.000118433 -0.000118434
0.57 -0.000236867 0.000118433 -0.000118434
0.571 -0.000236867 0.000118433 -0.000118434
0.572 -0.000236867 0.000118433 -0.000118434
0.573 -0.000236867 0.000118433 -0.000118434
0.574 -0.000236867 0.000118433 -0.000118434
0.575 -0.000236867 0.000118433 -0.000118434
0.576 -0.000236867 0.000118433 -0.000118434
0.577 -0.000236867 0.000118433 -0.000118434
0.578 -0.000236867 0.000118433 -0.000118434
0.579 -0.000236867 0.000118433 -0.000118434
0.58 -0.000236867 0.000118433 -0.000118434
0.581 -0.000236867 0.000118433 -0.000118434
0.582 -0.000236867 0.000118433 -0.000118434
0.583 -0.000236867 0.000118433 -0.000118434
0.584 -0.000236867 0.000118433 -0.000118434
0.585 -0.000236867 0.000118433 -0.000118434
0.586 -0.000236867 0.000118433 -0.000118434
0.587 -0.000236867 0.000118433 -0.000118434
0.588 -0.000236867 0.000118433 -0.000118434
0.589 -0.000236868 0.000118433 -0.000118434
0.59 -0.000236868 0.000118433 -0.000118434
0.591 -0.000236868 0.000118433 -0.000118434
0.592 -0.000236868 0.000118433 -0.000118434
0.593 -0.000236868 0.000118433 -0.000118434
0.594 -0.000236868 0.000118433 -0.000118434
0.595 -0.000236868 0.000118433 -0.000118434
0.596 -0.000236868 0.000118433 -0.000118434
0.597 -0.000236868 0.000118433 -0.000118434
0.598 -0.000236868 0.000118433 -0.000118434
0.599 -0.000236868 0.000118433 -0.000118434
0.6 -0.000236868 0.000118433 -0.000118434
0.601 -0.000236868 0.000118433 -0.000118434
0.602 -0.000236868 0.000118433 -0.000118434
0.603 -0.000236868 0.000118433 -0.000118434
0.604 -0.000236868 0.000118434 -0.000118434
0.605 -0.000236868 0.000118434 -0.000118434
0.606 -0.000236868 0.000118434 -0.000118434
0.607 -0.000236868 0.000118434 -0.000118434
0.608 -0.000236868 0.000118434 -0.000118434
0.609 -0.000236868 0.000118434 -0.000118434
0.61 -0.000236868 0.000118434 -0.000118434
0.611 -0.000236868 0.000118434 -0.000118434
0.612 -0.000236868 0.000118434 -0.000118434
0.613 -0.000236868 0.000118434 -0.000118434
0.614 -0.000236868 0.000118434 -0.000118434
0.615 -0.000236868 0.000118434 -0.000118434
0.616 -0.000236868 0.000118434 -0.000118434
0.617 -0.000236868 0.000118434 -0.000118434
0.618 -0.000236868 0.000118434 -0.000118434
0.619 -0.000236868 0.000118434 -0.000118434
0.62 -0.000236868 0.000118434 -0.000118434
0.621 -0.000236868 0.000118434 -0.000118434
0.622 -0.000236868 0.000118434 -0.000118434
0.623 -0.000236868 0.000118434 -0.000118434
0.624 -0.000236868 0.000118434 -0.000118434
0.625 -0.000236868 0.000118434 -0.000118434
0.626 -0.000236868 0.000118434 -0.000118434
0.627 -0.000236868 0.000118434 -0.000118434
0.628 -0.000236868 0.000118434 -0.000118434
0.629 -0.000236868 0.000118434 -0.000118434
0.63 -0.000236868 0.000118434 -0.000118434
0.631 -0.000236868 0.000118434 -0.000118434
0.632 -0.000236868 0.000118434 -0.000118434
0.633 -0.000236868 0.000118434 -0.000118434
0.634 -0.000236868 0.000118434 -0.000118434
0.635 -0.000236868 0.000118434 -0.000118434
0.636 -0.000236868 0.000118434 -0.000118434
0.637 -0.000236868 0.000118434 -0.000118434
0.638 -0.000236868 0.000118434 -0.000118434
0.639 -0.000236868 0.000118434 -0.000118434
0.64 -0.000236868 0.000118434 -0.000118434
0.641 -0.000236868 0.000118434 -0.000118434
0.642 -0.000236868 0.000118434 -0.000118434
0.643 -0.000236868 0.000118434 -0.000118434
0.644 -0.000236868 0.000118434 -0.000118434
0.645 -0.000236868 0.000118434 -0.000118434
0.646 -0.000236868 0.000118434 -0.000118434
0.647 -0.000236868 0.000118434 -0.000118434
0.648 -0.000236868 0.000118434 -0.000118434
0.649 -0.000236868 0.000118434 -0.000118434
0.65 -0.000236868 0.000118434 -0.000118434
0.651 -0.000236868 0.000118434 -0.000118434
0.652 -0.000236868 0.000118434 -0.000118434
0.653 -0.000236868 0.000118434 -0.000118434
0.654 -0.000236868 0.000118434 -0.000118434
0.655 -0.000236868 0.000118434 -0.000118434
0.656 -0.000236868 0.000118434 -0.000118434
0.657 -0.000236868 0.000118434 -0.000118434
0.658 -0.000236868 0.000118434 -0.000118434
0.659 -0.000236868 0.000118434 -0.000118434
0.66 -0.000236868 0.000118434 -0.000118434
0.661 -0.000236868 0.000118434 -0.000118434
0.662 -0.000236868 0.000118434 -0.000118434
0.663 -0.000236868 0.000118434 -0.000118434
0.664 -0.000236868 0.000118434 -0.000118434
0.665 -0.000236868 0.000118434 -0.000118434
0.666 -0.000236868 0.000118434 -0.000118434
0.667 -0.000236868 0.000118434 -0.000118434
0.668 -0.000236868 0.000118434 -0.000118434
0.669 -0.000236868 0.000118434 -0.000118434
0.67 -0.000236868 0.000118434 -0.000118434
0.671 -0.000236868 0.000118434 -0.000118434
0.672 -0.000236868 0.000118434 -0.000118434
0.673 -0.000236868 0.000118434 -0.000118434
0.674 -0.000236868 0.000118434 -0.000118434
0.675 -0.000236868 0.000118434 -0.000118434
0.676 -0.000236868 0.000118434 -0.000118434
0.677 -0.000236868 0.000118434 -0.000118434
0.678 -0.000236868 0.000118434 -0.000118434
0.679 -0.000236868 0.000118434 -0.000118434
0.68 -0.000236868 0.000118434 -0.000118434
0.681 -0.000236868 0.000118434 -0.000118434
0.682 -0.000236868 0.000118434 -0.000118434
0.683 -0.000236868 0.000118434 -0.000118434
0.684 -0.000236868 0.000118434 -0.000118434
0.685 -0.000236868 0.000118434 -0.000118434
0.686 -0.000236868 0.000118434 -0.000118434
0.687 -0.000236868 0.000118434 -0.000118434
0.688 -0.000236868 0.000118434 -0.000118434
0.689 -0.000236868 0.000118434 -0.000118434
0.69 -0.000236868 0.000118434 -0.000118434
0.691 -0.000236868 0.000118434 -0.000118434
0.692 -0.000236868 0.000118434 -0.000118434
0.693 -0.000236868 0.000118434 -0.000118434
0.694 -0.000236868 0.000118434 -0.000118434
0.695 -0.000236868 0.000118434 -0.000118434
0.696 -0.000236868 0.000118434 -0.000118434
0.697 -0.000236868 0.000118434 -0.000118434
0.698 -0.000236868 0.000118434 -0.000118434
0.699 -0.000236868 0.000118434 -0.000118434
0.7 -0.000236868 0.000118434 -0.000118434
0.701 -0.000236868 0.000118434 -0.000118434
0.702 -0.000236868 0.000118434 -0.000118434
0.703 -0.000236868 0.000118434 -0.000118434
0.704 -0.000236868 0.000118434 -0.000118434
0.705 -0.000236868 0.000118434 -0.000118434
0.706 -0.000236868 0.000118434 -0.000118434
0.707 -0.000236868 0.000118434 -0.000118434
0.708 -0.000236868 0.000118434 -0.000118434
0.709 -0.000236868 0.000118434 -0.000118434
0.71 -0.000236868 0.000118434 -0.000118434
0.711 -0.000236868 0.000118434 -0.000118434
0.712 -0.000236869 0.000118434 -0.000118434
0.713 -0.000236869 0.000118434 -0.000118434
0.714 -0.000236869 0.000118434 -0.000118434
0.715 -0.000236869 0.000118434 -0.000118434
0.716 -0.000236869 0.000118434 -0.000118434
0.717 -0.000236869 0.000118434 -0.000118434
0.718 -0.000236869 0.000118434 -0.000118434
0.719 -0.000236869 0.000118434 -0.000118434
0.72 -0.000236869 0.000118434 -0.000118434
0.721 -0.000236869 0.000118435 -0.000118434
0.722 -0.000236869 0.000118435 -0.000118434
0.723 -0.000236869 0.000118435 -0.000118434
0.724 -0.000236869 0.000118435 -0.000118434
0.725 -0.000236869 0.000118435 -0.000118434
0.726 -0.000236869 0.000118435 -0.000118434
0.727 -0.000236869 0.000118435 -0.000118434
0.728 -0.000236869 0.000118435 -0.000118434
0.729 -0.000236869 0.000118435 -0.000118434
0.73 -0.000236869 0.000118435 -0.000118434
0.731 -0.000236869 0.000118435 -0.000118434
0.732 -0.000236869 0.000118435 -0.000118434
0.733 -0.000236869 0.000118435 -0.000118434
0.734 -0.000236869 0.000118435 -0.000118434
0.735 -0.000236869 0.000118435 -0.000118434
0.736 -0.000236869 0.000118435 -0.000118434
0.737 -0.000236869 0.000118435 -0.000118434
0.738 -0.000236869 0.000118435 -0.000118434
0.739 -0.000236869 0.000118435 -0.000118434
0.74 -0.000236869 0.000118435 -0.000118434
0.741 -0.000236869 0.000118435 -0.000118434
0.742 -0.000236869 0.000118435 -0.000118434
0.743 -0.000236869 0.000118435 -0.000118434
0.744 -0.000236869 0.000118435 -0.000118434
0.745 -0.000236869 0.000118435 -0.000118434
0.746 -0.000236869 0.000118435 -0.000118434
0.747 -0.000236869 0.000118435 -0.000118434
0.748 -0.000236869 0.000118435 -0.000118434
0.749 -0.000236869 0.000118435 -0.000118434
0.75 -0.000236869 0.000118435 -0.000118434
0.751 -0.000236869 0.000118435 -0.000118434
0.752 -0.000236869 0.000118435 -0.000118434
0.753 -0.000236869 0.000118435 -0.000118434
0.754 -0.000236869 0.000118435 -0.000118434
0.755 -0.000236869 0.000118435 -0.000118434
0.756 -0.000236869 0.000118435 -0.000118434
0.757 -0.000236869 0.000118435 -0.000118434
0.758 -0.000236869 0.000118435 -0.000118434
0.759 -0.000236869 0.000118435 -0.000118434
0.76 -0.000236869 0.000118435 -0.000118434
0.761 -0.000236869 0.000118435 -0.000118434
0.762 -0.000236869 0.000118435 -0.000118434
0.763 -0.000236869 0.000118435 -0.000118434
0.764 -0.000236869 0.000118435 -0.000118434
0.765 -0.000236869 0.000118435 -0.000118434
0.766 -0.000236869 0.000118435 -0.000118434
0.767 -0.000236869 0.000118435 -0.000118434
0.768 -0.000236869 0.000118435 -0.000118434
0.769 -0.000236869 0.000118435 -0.000118434
0.77 -0.000236869 0.000118435 -0.000118434
0.771 -0.000236869 0.000118435 -0.000118434
0.772 -0.000236869 0.000118435 -0.000118434
0.773 -0.000236869 0.000118435 -0.000118434
0.774 -0.000236869 0.000118435 -0.000118434
0.775 -0.000236869 0.000118435 -0.000118434
0.776 -0.000236869 0.000118435 -0.000118434
0.777 -0.000236869 0.000118435 -0.000118434
0.778 -0.000236869 0.000118435 -0.000118434
0.779 -0.000236869 0.000118435 -0.000118434
0.78 -0.000236869 0.000118435 -0.000118434
0.781 -0.000236869 0.000118435 -0.000118434
0.782 -0.000236869 0.000118435 -0.000118434
0.783 -0.000236869 0.000118435 -0.000118434
0.784 -0.000236869 0.000118435 -0.000118434
0.785 -0.000236869 0.000118435 -0.000118434
0.786 -0.000236869 0.000118435 -0.000118434
0.787 -0.000236869 0.000118435 -0.000118434
0.788 -0.000236869 0.000118435 -0.000118434
0.789 -0.000236869 0.000118435 -0.000118434
0.79 -0.000236869 0.000118435 -0.000118434
0.791 -0.000236869 0.000118435 -0.000118434
0.792 -0.000236869 0.000118435 -0.000118434
0.793 -0.000236869 0.000118435 -0.000118434
0.794 -0.000236869 0.000118435 -0.000118434
0.795 -0.000236869 0.000118435 -0.000118434
0.796 -0.000236869 0.000118435 -0.000118434
0.797 -0.000236869 0.000118435 -0.000118434
0.798 -0.000236869 0.000118435 -0.000118434
0.799 -0.000236869 0.000118435 -0.000118434
0.8 -0.000236869 0.000118435 -0.000118434
0.801 -0.000236869 0.000118435 -0.000118434
0.802 -0.000236869 0.000118435 -0.000118434
0.803 -0.000236869 0.000118435 -0.000118434
0.804 -0.000236869 0.000118435 -0.000118434
0.805 -0.000236869 0.000118435 -0.000118434
0.806 -0.000236869 0.000118435 -0.000118434
0.807 -0.000236869 0.000118435 -0.000118434
0.808 -0.000236869 0.000118435 -0.000118434
0.809 -0.000236869 0.000118435 -0.000118434
0.81 -0.000236869 0.000118435 -0.000118434
0.811 -0.000236869 0.000118435 -0.000118434
0.812 -0.00023687 0.000118435 -0.000118434
0.813 -0.00023687 0.000118435 -0.000118434
0.814 -0.00023687 0.000118435 -0.000118434
0.815 -0.00023687 0.000118435 -0.000118434
0.816 -0.00023687 0.000118435 -0.000118434
0.817 -0.00023687 0.000118435 -0.000118434
0.818 -0.00023687 0.000118435 -0.000118434
0.819 -0.00023687 0.000118435 -0.000118434
0.82 -0.00023687 0.000118435 -0.000118434
0.821 -0.00023687 0.000118436 -0.000118434
0.822 -0.00023687 0.000118436 -0.000118434
0.823 -0.00023687 0.000118436 -0.000118434
0.824 -0.00023687 0.000118436 -0.000118434
0.825 -0.00023687 0.000118436 -0.000118434
0.826 -0.00023687 0.000118436 -0.000118434
0.827 -0.00023687 0.000118436 -0.000118434
0.828 -0.00023687 0.000118436 -0.000118434
0.829 -0.00023687 0.000118436 -0.000118434
0.83 -0.00023687 0.000118436 -0.000118434
0.831 -0.00023687 0.000118436 -0.000118434
0.832 -0.00023687 0.000118436 -0.000118434
0.833 -0.00023687 0.000118436 -0.000118434
0.834 -0.00023687 0.000118436 -0.000118434
0.835 -0.00023687 0.000118436 -0.000118434
0.836 -0.00023687 0.000118436 -0.000118434
0.837 -0.00023687 0.000118436 -0.000118434
0.838 -0.00023687 0.000118436 -0.000118434
0.839 -0.00023687 0.000118436 -0.000118434
0.84 -0.00023687 0.000118436 -0.000118434
0.841 -0.00023687 0.000118436 -0.000118434
0.842 -0.00023687 0.000118436 -0.000118434
0.843 -0.00023687 0.000118436 -0.000118434
0.844 -0.00023687 0.000118436 -0.000118434
0.845 -0.00023687 0.000118436 -0.000118434
0.846 -0.00023687 0.000118436 -0.000118434
0.847 -0.00023687 0.000118436 -0.000118434
0.848 -0.00023687 0.000118436 -0.000118434
0.849 -0.00023687 0.000118436 -0.000118434
0.85 -0.00023687 0.000118436 -0.000118434
0.851 -0.00023687 0.000118436 -0.000118434
0.852 -0.00023687 0.000118436 -0.000118434
0.853 -0.00023687 0.000118436 -0.000118434
0.854 -0.00023687 0.000118436 -0.000118434
0.855 -0.00023687 0.000118436 -0.000118434
0.856 -0.00023687 0.000118436 -0.000118434
0.857 -0.00023687 0.000118436 -0.000118434
0.858 -0.00023687 0.000118436 -0.000118434
0.859 -0.00023687 0.000118436 -0.000118434
0.86 -0.00023687 0.000118436 -0.000118434
0.861 -0.00023687 0.000118436 -0.000118434
0.862 -0.00023687 0.000118436 -0.000118434
0.863 -0.00023687 0.000118436 -0.000118434
0.864 -0.00023687 0.000118436 -0.000118434
0.865 -0.00023687 0.000118436 -0.000118434
0.866 -0.00023687 0.000118436 -0.000118434
0.867 -0.00023687 0.000118436 -0.000118434
0.868 -0.00023687 0.000118436 -0.000118434
0.869 -0.00023687 0.000118436 -0.000118434
0.87 -0.00023687 0.000118436 -0.000118434
0.871 -0.00023687 0.000118436 -0.000118434
0.872 -0.00023687 0.000118436 -0.000118434
0.873 -0.00023687 0.000118436 -0.000118434
0.874 -0.00023687 0.000118436 -0.000118434
0.875 -0.00023687 0.000118436 -0.000118434
0.876 -0.00023687 0.000118436 -0.000118434
0.877 -0.00023687 0.000118436 -0.000118434
0.878 -0.00023687 0.000118436 -0.000118434
0.879 -0.00023687 0.000118436 -0.000118434
0.88 -0.00023687 0.000118436 -0.000118434
0.881 -0.00023687 0.000118436 -0.000118434
0.882 -0.00023687 0.000118436 -0.000118434
0.883 -0.00023687 0.000118436 -0.000118434
0.884 -0.00023687 0.000118436 -0.000118434
0.885 -0.00023687 0.000118436 -0.000118434
0.886 -0.00023687 0.000118436 -0.000118434
0.887 -0.00023687 0.000118436 -0.000118434
0.888 -0.00023687 0.000118436 -0.000118434
0.889 -0.00023687 0.000118436 -0.000118434
0.89 -0.00023687 0.000118436 -0.000118434
0.891 -0.00023687 0.000118436 -0.000118434
0.892 -0.00023687 0.000118436 -0.000118434
0.893 -0.00023687 0.000118436 -0.000118434
0.894 -0.00023687 0.000118436 -0.000118434
0.895 -0.00023687 0.000118436 -0.000118434
0.896 -0.00023687 0.000118436 -0.000118434
0.897 -0.00023687 0.000118436 -0.000118434
0.898 -0.00023687 0.000118436 -0.000118434
0.899 -0.00023687 0.000118436 -0.000118434
0.9 -0.00023687 0.000118436 -0.000118434
0.901 -0.00023687 0.000118436 -0.000118434
0.902 -0.00023687 0.000118436 -0.000118434
0.903 -0.00023687 0.000118436 -0.000118434
0.904 -0.00023687 0.000118436 -0.000118434
0.905 -0.00023687 0.000118436 -0.000118434
0.906 -0.00023687 0.000118436 -0.000118434
0.907 -0.00023687 0.000118436 -0.000118434
0.908 -0.00023687 0.000118436 -0.000118434
0.909 -0.00023687 0.000118436 -0.000118434
0.91 -0.00023687 0.000118436 -0.000118434
0.911 -0.00023687 0.000118436 -0.000118434
0.912 -0.00023687 0.000118436 -0.000118434
0.913 -0.00023687 0.000118436 -0.000118434
0.914 -0.00023687 0.000118436 -0.000118434
0.915 -0.00023687 0.000118436 -0.000118434
0.916 -0.00023687 0.000118436 -0.000118434
0.917 -0.00023687 0.000118436 -0.000118434
0.918 -0.00023687 0.000118436 -0.000118434
0.919 -0.00023687 0.000118436 -0.000118434
0.92 -0.00023687 0.000118436 -0.000118434
0.921 -0.00023687 0.000118436 -0.000118434
0.922 -0.00023687 0.000118436 -0.000118434
0.923 -0.00023687 0.000118436 -0.000118434
0.924 -0.00023687 0.000118436 -0.000118434
0.925 -0.00023687 0.000118436 -0.000118434
0.926 -0.00023687 0.000118436 -0.000118434
0.927 -0.00023687 0.000118436 -0.000118434
0.928 -0.00023687 0.000118436 -0.000118434
0.929 -0.00023687 0.000118436 -0.000118434
0.93 -0.00023687 0.000118436 -0.000118434
0.931 -0.00023687 0.000118436 -0.000118434
0.932 -0.00023687 0.000118436 -0.000118434
0.933 -0.00023687 0.000118436 -0.000118434
0.934 -0.00023687 0.000118436 -0.000118434
0.935 -0.00023687 0.000118436 -0.000118434
0.936 -0.00023687 0.000118436 -0.000118434
0.937 -0.00023687 0.000118436 -0.000118434
0.938 -0.00023687 0.000118436 -0.000118434
0.939 -0.00023687 0.000118436 -0.000118434
0.94 -0.00023687 0.000118436 -0.000118434
0.941 -0.00023687 0.000118436 -0.000118434
0.942 -0.00023687 0.000118436 -0.000118434
0.943 -0.00023687 0.000118436 -0.000118434
0.944 -0.00023687 0.000118436 -0.000118434
0.945 -0.00023687 0.000118436 -0.000118434
0.946 -0.00023687 0.000118436 -0.000118434
0.947 -0.00023687 0.000118436 -0.000118434
0.948 -0.00023687 0.000118436 -0.000118434
0.949 -0.00023687 0.000118436 -0.000118434
0.95 -0.00023687 0.000118436 -0.000118434
0.951 -0.00023687 0.000118436 -0.000118434
0.952 -0.00023687 0.000118436 -0.000118434
0.953 -0.00023687 0.000118436 -0.000118434
0.954 -0.00023687 0.000118436 -0.000118434
0.955 -0.00023687 0.000118436 -0.000118434
0.956 -0.00023687 0.000118436 -0.000118434
0.957 -0.00023687 0.000118436 -0.000118434
0.958 -0.00023687 0.000118436 -0.000118434
0.959 -0.00023687 0.000118436 -0.000118434
0.96 -0.00023687 0.000118436 -0.000118434
0.961 -0.00023687 0.000118436 -0.000118434
0.962 -0.00023687 0.000118436 -0.000118434
0.963 -0.00023687 0.000118436 -0.000118434
0.964 -0.00023687 0.000118436 -0.000118434
0.965 -0.00023687 0.000118436 -0.000118434
0.966 -0.00023687 0.000118436 -0.000118434
0.967 -0.00023687 0.000118436 -0.000118434
0.968 -0.00023687 0.000118436 -0.000118434
0.969 -0.00023687 0.000118436 -0.000118434
0.97 -0.00023687 0.000118436 -0.000118434
0.971 -0.00023687 0.000118436 -0.000118434
0.972 -0.00023687 0.000118436 -0.000118434
0.973 -0.00023687 0.000118436 -0.000118434
0.974 -0.00023687 0.000118436 -0.000118434
0.975 -0.00023687 0.000118436 -0.000118434
0.976 -0.00023687 0.000118436 -0.000118434
0.977 -0.00023687 0.000118436 -0.000118434
0.978 -0.00023687 0.000118436 -0.000118434
0.979 -0.00023687 0.000118436 -0.000118434
0.98 -0.00023687 0.000118436 -0.000118434
0.981 -0.00023687 0.000118436 -0.000118434
0.982 -0.00023687 0.000118436 -0.000118434
0.983 -0.00023687 0.000118436 -0.000118434
0.984 -0.00023687 0.000118436 -0.000118434
0.985 -0.00023687 0.000118436 -0.000118434
0.986 -0.000236871 0.000118436 -0.000118434
0.987 -0.000236871 0.000118436 -0.000118434
0.988 -0.000236871 0.000118436 -0.000118434
0.989 -0.000236871 0.000118436 -0.000118434
0.99 -0.000236871 0.000118436 -0.000118434
0.991 -0.000236871 0.000118436 -0.000118434
0.992 -0.000236871 0.000118436 -0.000118434
0.993 -0.000236871 0.000118436 -0.000118434
0.994 -0.000236871 0.000118436 -0.000118434
0.995 -0.000236871 0.000118436 -0.000118434
0.996 -0.000236871 0.000118436 -0.000118434
0.997 -0.000236871 0.000118436 -0.000118434
0.998 -0.000236871 0.000118436 -0.000118434
0.999 -0.000236871 0.000118436 -0.000118434
