Sun 0 0 0 0 0 0 1.989e30
Mercury 1.94e-1 2.45e-1 2.21e-3 -2.76e-2 1.86e-2 4.06e-3 3.302e23
Venus -4.47e-1 5.62e-1 3.35e-2 -1.59e-2 -1.27e-2 7.43e-4 48.685e23
Earth 8.08e-1 5.8e-1 -2.67e-5 -1.03e-2 1.29e-2 -7.87e-7 5.97219e24
Mars 1.24 7.11e-1 -1.56e-2 -6.41e-3 1.33e-2 4.37e-4 6.4171e23
Jupiter 2.65 -4.38 -4.10e-2 6.367e-3 4.26e-3 -1.60e-4 1898.13e24
Saturn 5.21 -8.53 -5.89e-2 4.46e-3 2.90e-3 -2.28e-4 5.6834e26
Uranus 1.55e1 1.23e1 -1.55e-1 -2.46e-3 2.90e-3 4.26e-5 86.813e24
Neptune 2.94e1 -5.43 -5.66e-1 5.55e-4 3.11e-3 -7.64e-5 1.024e26
Pluto 1.39e1 -3.12e1 -6.72e-1 2.96e-3 6.17e-4 -9.18e-4 1.307e22




